66 1631708149 10,600000 -1,000000 -101,000000 0,000000 0,000000
66 1631708150 10,600000 -1,000000 -101,000000 0,000000 0,000000
66 1631708151 10,600000 -1,000000 -101,000000 0,000000 0,000000
66 1631708152 10,600000 -1,000000 -101,000000 0,000000 0,000000
66 1631708153 10,600000 -1,000000 -101,000000 0,000000 0,000000
66 1631708154 1,200000 -1,000000 -101,000000 0,000000 0,000000
66 1631708155 1,200000 -1,000000 -101,000000 0,000000 0,000000
66 1631708156 1,200000 -1,000000 -101,000000 0,000000 0,000000
66 1631708157 1,200000 -1,000000 -101,000000 0,000000 0,000000
66 1631708158 1,200000 -1,000000 -101,000000 0,000000 0,000000
66 1631708159 1,200000 -1,000000 -101,000000 0,000000 0,000000
66 1631708160 1,200000 -1,000000 -101,000000 0,000000 0,000000
125 1631708154 2,600000 -1,000000 -101,000000 0,000000 0,000000
125 1631708155 2,600000 -1,000000 -101,000000 0,000000 0,000000
125 1631708156 2,600000 -1,000000 -101,000000 0,000000 0,000000
125 1631708157 2,600000 -1,000000 -101,000000 0,000000 0,000000
125 1631708158 2,600000 -1,000000 -101,000000 0,000000 0,000000
125 1631708159 2,800000 -1,000000 -101,000000 0,000000 0,000000
125 1631708160 2,800000 -1,000000 -101,000000 0,000000 0,000000
66 1631708161 1,200000 -1,000000 -101,000000 0,000000 0,000000
66 1631708162 1,200000 -1,000000 -101,000000 0,000000 0,000000
66 1631708163 1,200000 -1,000000 -101,000000 0,000000 0,000000
125 1631708161 2,800000 -1,000000 -101,000000 0,000000 0,000000
125 1631708162 2,800000 -1,000000 -101,000000 0,000000 0,000000
125 1631708163 2,800000 -1,000000 -101,000000 0,000000 0,000000
66 1631708189 0,600000 -1,000000 -101,000000 0,000000 0,000000
66 1631708190 0,600000 -1,000000 -101,000000 0,000000 0,000000
66 1631708191 0,600000 -1,000000 -101,000000 0,000000 0,000000
66 1631708192 0,600000 -1,000000 -101,000000 0,000000 0,000000
66 1631708193 0,600000 -1,000000 -101,000000 0,000000 0,000000
66 1631708194 1,000000 -1,000000 -101,000000 0,000000 0,000000
66 1631708195 1,000000 -1,000000 -101,000000 0,000000 0,000000
66 1631708196 1,000000 -1,000000 -101,000000 0,000000 0,000000
66 1631708197 1,000000 -1,000000 -101,000000 0,000000 0,000000
66 1631708198 1,000000 -1,000000 -101,000000 0,000000 0,000000
125 1631708189 1,000000 -1,000000 -101,000000 0,000000 0,000000
125 1631708190 1,000000 -1,000000 -101,000000 0,000000 0,000000
125 1631708191 1,000000 -1,000000 -101,000000 0,000000 0,000000
125 1631708192 1,000000 -1,000000 -101,000000 0,000000 0,000000
125 1631708193 1,000000 -1,000000 -101,000000 0,000000 0,000000
125 1631708194 0,400000 -1,000000 -101,000000 0,000000 0,000000
125 1631708195 0,400000 -1,000000 -101,000000 0,000000 0,000000
125 1631708196 0,400000 -1,000000 -101,000000 0,000000 0,000000
125 1631708197 0,400000 -1,000000 -101,000000 0,000000 0,000000
125 1631708198 0,400000 -1,000000 -101,000000 0,000000 0,000000
66 1631708204 1,200000 -1,000000 -101,000000 0,000000 0,000000
66 1631708205 1,200000 -1,000000 -101,000000 0,000000 0,000000
66 1631708206 1,200000 -1,000000 -101,000000 0,000000 0,000000
66 1631708207 1,200000 -1,000000 -101,000000 0,000000 0,000000
66 1631708208 1,200000 -1,000000 -101,000000 0,000000 0,000000
125 1631708204 1,200000 -1,000000 -101,000000 0,000000 0,000000
125 1631708205 1,200000 -1,000000 -101,000000 0,000000 0,000000
125 1631708206 1,200000 -1,000000 -101,000000 0,000000 0,000000
125 1631708207 1,200000 -1,000000 -101,000000 0,000000 0,000000
125 1631708208 1,200000 -1,000000 -101,000000 0,000000 0,000000
66 1631708219 3,200000 -1,000000 -101,000000 0,000000 0,000000
66 1631708220 3,200000 -1,000000 -101,000000 0,000000 0,000000
125 1631708219 1,800000 -1,000000 -101,000000 0,000000 0,000000
125 1631708220 1,800000 -1,000000 -101,000000 0,000000 0,000000
125 1631708221 1,800000 -1,000000 -101,000000 0,000000 0,000000
125 1631708222 1,800000 -1,000000 -101,000000 0,000000 0,000000
125 1631708223 1,800000 -1,000000 -101,000000 0,000000 0,000000
66 1631708221 3,200000 -1,000000 -101,000000 0,000000 0,000000
66 1631708222 3,200000 -1,000000 -101,000000 0,000000 0,000000
66 1631708223 3,200000 -1,000000 -101,000000 0,000000 0,000000
66 1631708229 1,800000 -1,000000 -101,000000 0,000000 0,000000
66 1631708230 1,800000 -1,000000 -101,000000 0,000000 0,000000
125 1631708229 3,800000 -1,000000 -101,000000 0,000000 0,000000
125 1631708230 3,800000 -1,000000 -101,000000 0,000000 0,000000
125 1631708231 3,800000 -1,000000 -101,000000 0,000000 0,000000
125 1631708232 3,800000 -1,000000 -101,000000 0,000000 0,000000
125 1631708233 3,800000 -1,000000 -101,000000 0,000000 0,000000
125 1631708234 0,800000 -1,000000 -101,000000 0,000000 0,000000
125 1631708235 0,800000 -1,000000 -101,000000 0,000000 0,000000
66 1631708231 1,800000 -1,000000 -101,000000 0,000000 0,000000
66 1631708232 1,800000 -1,000000 -101,000000 0,000000 0,000000
66 1631708233 1,800000 -1,000000 -101,000000 0,000000 0,000000
66 1631708234 2,200000 -1,000000 -101,000000 0,000000 0,000000
66 1631708235 2,200000 -1,000000 -101,000000 0,000000 0,000000
66 1631708236 2,200000 -1,000000 -101,000000 0,000000 0,000000
66 1631708237 2,200000 -1,000000 -101,000000 0,000000 0,000000
66 1631708238 2,200000 -1,000000 -101,000000 0,000000 0,000000
66 1631708239 1,200000 -1,000000 -101,000000 0,000000 0,000000
66 1631708240 1,200000 -1,000000 -101,000000 0,000000 0,000000
66 1631708241 1,200000 -1,000000 -101,000000 0,000000 0,000000
66 1631708242 1,200000 -1,000000 -101,000000 0,000000 0,000000
66 1631708243 1,200000 -1,000000 -101,000000 0,000000 0,000000
125 1631708236 0,800000 -1,000000 -101,000000 0,000000 0,000000
125 1631708237 0,800000 -1,000000 -101,000000 0,000000 0,000000
125 1631708238 0,800000 -1,000000 -101,000000 0,000000 0,000000
125 1631708239 2,200000 -1,000000 -101,000000 0,000000 0,000000
125 1631708240 2,200000 -1,000000 -101,000000 0,000000 0,000000
125 1631708241 2,200000 -1,000000 -101,000000 0,000000 0,000000
125 1631708242 2,200000 -1,000000 -101,000000 0,000000 0,000000
125 1631708243 2,200000 -1,000000 -101,000000 0,000000 0,000000
66 1631708259 1,000000 -1,000000 -101,000000 0,000000 0,000000
66 1631708260 1,000000 -1,000000 -101,000000 0,000000 0,000000
125 1631708259 2,400000 -1,000000 -101,000000 0,000000 0,000000
125 1631708260 2,400000 -1,000000 -101,000000 0,000000 0,000000
66 1631708261 1,000000 -1,000000 -101,000000 0,000000 0,000000
66 1631708262 1,000000 -1,000000 -101,000000 0,000000 0,000000
66 1631708263 1,000000 -1,000000 -101,000000 0,000000 0,000000
66 1631708264 1,200000 -1,000000 -101,000000 0,000000 0,000000
66 1631708265 1,200000 -1,000000 -101,000000 0,000000 0,000000
125 1631708261 2,400000 -1,000000 -101,000000 0,000000 0,000000
125 1631708262 2,400000 -1,000000 -101,000000 0,000000 0,000000
125 1631708263 2,400000 -1,000000 -101,000000 0,000000 0,000000
66 1631708266 1,200000 -1,000000 -101,000000 0,000000 0,000000
66 1631708267 1,200000 -1,000000 -101,000000 0,000000 0,000000
66 1631708268 1,200000 -1,000000 -101,000000 0,000000 0,000000
66 1631708269 0,600000 -1,000000 -101,000000 0,000000 0,000000
66 1631708270 0,600000 -1,000000 -101,000000 0,000000 0,000000
66 1631708271 0,600000 -1,000000 -101,000000 0,000000 0,000000
66 1631708272 0,600000 -1,000000 -101,000000 0,000000 0,000000
66 1631708273 0,600000 -1,000000 -101,000000 0,000000 0,000000
66 1631708279 0,800000 -1,000000 -101,000000 0,000000 0,000000
66 1631708280 0,800000 -1,000000 -101,000000 0,000000 0,000000
66 1631708281 0,800000 -1,000000 -101,000000 0,000000 0,000000
66 1631708282 0,800000 -1,000000 -101,000000 0,000000 0,000000
66 1631708283 0,800000 -1,000000 -101,000000 0,000000 0,000000
66 1631708289 3,200000 -1,000000 -101,000000 0,000000 0,000000
66 1631708290 3,200000 -1,000000 -101,000000 0,000000 0,000000
66 1631708291 3,200000 -1,000000 -101,000000 0,000000 0,000000
66 1631708292 3,200000 -1,000000 -101,000000 0,000000 0,000000
66 1631708293 3,200000 -1,000000 -101,000000 0,000000 0,000000
125 1631708269 1,000000 -1,000000 -101,000000 0,000000 0,000000
125 1631708270 1,000000 -1,000000 -101,000000 0,000000 0,000000
125 1631708271 1,000000 -1,000000 -101,000000 0,000000 0,000000
125 1631708272 1,000000 -1,000000 -101,000000 0,000000 0,000000
125 1631708273 1,000000 -1,000000 -101,000000 0,000000 0,000000
125 1631708279 0,400000 -1,000000 -101,000000 0,000000 0,000000
125 1631708280 0,400000 -1,000000 -101,000000 0,000000 0,000000
125 1631708281 0,400000 -1,000000 -101,000000 0,000000 0,000000
125 1631708282 0,400000 -1,000000 -101,000000 0,000000 0,000000
125 1631708283 0,400000 -1,000000 -101,000000 0,000000 0,000000
125 1631708284 1,800000 -1,000000 -101,000000 0,000000 0,000000
125 1631708285 1,800000 -1,000000 -101,000000 0,000000 0,000000
125 1631708286 1,800000 -1,000000 -101,000000 0,000000 0,000000
125 1631708287 1,800000 -1,000000 -101,000000 0,000000 0,000000
125 1631708288 1,800000 -1,000000 -101,000000 0,000000 0,000000
125 1631708294 2,600000 -1,000000 -101,000000 0,000000 0,000000
125 1631708295 2,600000 -1,000000 -101,000000 0,000000 0,000000
66 1631708299 1,200000 -1,000000 -101,000000 0,000000 0,000000
66 1631708300 1,200000 -1,000000 -101,000000 0,000000 0,000000
125 1631708296 2,600000 -1,000000 -101,000000 0,000000 0,000000
125 1631708297 2,600000 -1,000000 -101,000000 0,000000 0,000000
125 1631708298 2,600000 -1,000000 -101,000000 0,000000 0,000000
66 1631708301 1,200000 -1,000000 -101,000000 0,000000 0,000000
66 1631708302 1,200000 -1,000000 -101,000000 0,000000 0,000000
66 1631708303 1,200000 -1,000000 -101,000000 0,000000 0,000000
66 1631708314 1,800000 -1,000000 -101,000000 0,000000 0,000000
66 1631708315 1,800000 -1,000000 -101,000000 0,000000 0,000000
66 1631708316 1,800000 -1,000000 -101,000000 0,000000 0,000000
66 1631708317 1,800000 -1,000000 -101,000000 0,000000 0,000000
66 1631708318 1,800000 -1,000000 -101,000000 0,000000 0,000000
66 1631708319 5,200000 -1,000000 -101,000000 0,000000 0,000000
66 1631708320 5,200000 -1,000000 -101,000000 0,000000 0,000000
66 1631708321 5,200000 -1,000000 -101,000000 0,000000 0,000000
66 1631708322 5,200000 -1,000000 -101,000000 0,000000 0,000000
66 1631708323 5,200000 -1,000000 -101,000000 0,000000 0,000000
66 1631708324 0,400000 -1,000000 -101,000000 0,000000 0,000000
66 1631708325 0,400000 -1,000000 -101,000000 0,000000 0,000000
66 1631708326 0,400000 -1,000000 -101,000000 0,000000 0,000000
66 1631708327 0,400000 -1,000000 -101,000000 0,000000 0,000000
66 1631708328 0,400000 -1,000000 -101,000000 0,000000 0,000000
125 1631708314 4,400000 -1,000000 -101,000000 0,000000 0,000000
125 1631708315 4,400000 -1,000000 -101,000000 0,000000 0,000000
125 1631708316 4,400000 -1,000000 -101,000000 0,000000 0,000000
125 1631708317 4,400000 -1,000000 -101,000000 0,000000 0,000000
125 1631708318 4,400000 -1,000000 -101,000000 0,000000 0,000000
125 1631708319 0,400000 -1,000000 -101,000000 0,000000 0,000000
125 1631708320 0,400000 -1,000000 -101,000000 0,000000 0,000000
125 1631708321 0,400000 -1,000000 -101,000000 0,000000 0,000000
125 1631708322 0,400000 -1,000000 -101,000000 0,000000 0,000000
125 1631708323 0,400000 -1,000000 -101,000000 0,000000 0,000000
125 1631708324 2,200000 -1,000000 -101,000000 0,000000 0,000000
125 1631708325 2,200000 -1,000000 -101,000000 0,000000 0,000000
125 1631708326 2,200000 -1,000000 -101,000000 0,000000 0,000000
125 1631708327 2,200000 -1,000000 -101,000000 0,000000 0,000000
125 1631708328 2,200000 -1,000000 -101,000000 0,000000 0,000000
66 1631708354 0,600000 -1,000000 -101,000000 0,000000 0,000000
66 1631708355 0,600000 -1,000000 -101,000000 0,000000 0,000000
66 1631708356 0,600000 -1,000000 -101,000000 0,000000 0,000000
66 1631708357 0,600000 -1,000000 -101,000000 0,000000 0,000000
66 1631708358 0,600000 -1,000000 -101,000000 0,000000 0,000000
66 1631708359 4,200000 -1,000000 -101,000000 0,000000 0,000000
66 1631708360 4,200000 -1,000000 -101,000000 0,000000 0,000000
66 1631708361 4,200000 -1,000000 -101,000000 0,000000 0,000000
66 1631708362 4,200000 -1,000000 -101,000000 0,000000 0,000000
66 1631708363 4,200000 -1,000000 -101,000000 0,000000 0,000000
125 1631708354 3,000000 -1,000000 -101,000000 0,000000 0,000000
125 1631708355 3,000000 -1,000000 -101,000000 0,000000 0,000000
125 1631708356 3,000000 -1,000000 -101,000000 0,000000 0,000000
125 1631708357 3,000000 -1,000000 -101,000000 0,000000 0,000000
125 1631708358 3,000000 -1,000000 -101,000000 0,000000 0,000000
125 1631708359 0,400000 -1,000000 -101,000000 0,000000 0,000000
125 1631708360 0,400000 -1,000000 -101,000000 0,000000 0,000000
125 1631708361 0,400000 -1,000000 -101,000000 0,000000 0,000000
125 1631708362 0,400000 -1,000000 -101,000000 0,000000 0,000000
125 1631708363 0,400000 -1,000000 -101,000000 0,000000 0,000000
125 1631708364 2,600000 -1,000000 -101,000000 0,000000 0,000000
125 1631708365 2,600000 -1,000000 -101,000000 0,000000 0,000000
66 1631708369 2,400000 -1,000000 -101,000000 0,000000 0,000000
66 1631708370 2,400000 -1,000000 -101,000000 0,000000 0,000000
66 1631708371 2,400000 -1,000000 -101,000000 0,000000 0,000000
66 1631708372 2,400000 -1,000000 -101,000000 0,000000 0,000000
66 1631708373 2,400000 -1,000000 -101,000000 0,000000 0,000000
66 1631708374 1,200000 -1,000000 -101,000000 0,000000 0,000000
66 1631708375 1,200000 -1,000000 -101,000000 0,000000 0,000000
125 1631708366 2,600000 -1,000000 -101,000000 0,000000 0,000000
125 1631708367 2,600000 -1,000000 -101,000000 0,000000 0,000000
125 1631708368 2,600000 -1,000000 -101,000000 0,000000 0,000000
125 1631708369 2,400000 -1,000000 -101,000000 0,000000 0,000000
125 1631708370 2,400000 -1,000000 -101,000000 0,000000 0,000000
125 1631708371 2,400000 -1,000000 -101,000000 0,000000 0,000000
125 1631708372 2,400000 -1,000000 -101,000000 0,000000 0,000000
125 1631708373 2,400000 -1,000000 -101,000000 0,000000 0,000000
66 1631708376 1,200000 -1,000000 -101,000000 0,000000 0,000000
66 1631708377 1,200000 -1,000000 -101,000000 0,000000 0,000000
66 1631708378 1,200000 -1,000000 -101,000000 0,000000 0,000000
66 1631708394 0,600000 -1,000000 -101,000000 0,000000 0,000000
66 1631708395 0,600000 -1,000000 -101,000000 0,000000 0,000000
66 1631708396 0,600000 -1,000000 -101,000000 0,000000 0,000000
66 1631708397 0,600000 -1,000000 -101,000000 0,000000 0,000000
66 1631708398 0,600000 -1,000000 -101,000000 0,000000 0,000000
66 1631708399 1,000000 -1,000000 -101,000000 0,000000 0,000000
66 1631708400 1,000000 -1,000000 -101,000000 0,000000 0,000000
66 1631708401 1,000000 -1,000000 -101,000000 0,000000 0,000000
66 1631708402 1,000000 -1,000000 -101,000000 0,000000 0,000000
66 1631708403 1,000000 -1,000000 -101,000000 0,000000 0,000000
66 1631708404 2,400000 -1,000000 -101,000000 0,000000 0,000000
66 1631708405 2,400000 -1,000000 -101,000000 0,000000 0,000000
66 1631708406 2,400000 -1,000000 -101,000000 0,000000 0,000000
66 1631708407 2,400000 -1,000000 -101,000000 0,000000 0,000000
66 1631708408 2,400000 -1,000000 -101,000000 0,000000 0,000000
66 1631708409 0,400000 -1,000000 -101,000000 0,000000 0,000000
66 1631708410 0,400000 -1,000000 -101,000000 0,000000 0,000000
66 1631708411 0,400000 -1,000000 -101,000000 0,000000 0,000000
66 1631708412 0,400000 -1,000000 -101,000000 0,000000 0,000000
66 1631708413 0,400000 -1,000000 -101,000000 0,000000 0,000000
125 1631708394 1,200000 -1,000000 -101,000000 0,000000 0,000000
125 1631708395 1,200000 -1,000000 -101,000000 0,000000 0,000000
125 1631708396 1,200000 -1,000000 -101,000000 0,000000 0,000000
125 1631708397 1,200000 -1,000000 -101,000000 0,000000 0,000000
125 1631708398 1,200000 -1,000000 -101,000000 0,000000 0,000000
125 1631708399 1,200000 -1,000000 -101,000000 0,000000 0,000000
125 1631708400 1,200000 -1,000000 -101,000000 0,000000 0,000000
125 1631708401 1,200000 -1,000000 -101,000000 0,000000 0,000000
125 1631708402 1,200000 -1,000000 -101,000000 0,000000 0,000000
125 1631708403 1,200000 -1,000000 -101,000000 0,000000 0,000000
125 1631708409 2,000000 -1,000000 -101,000000 0,000000 0,000000
125 1631708410 2,000000 -1,000000 -101,000000 0,000000 0,000000
125 1631708411 2,000000 -1,000000 -101,000000 0,000000 0,000000
125 1631708412 2,000000 -1,000000 -101,000000 0,000000 0,000000
125 1631708413 2,000000 -1,000000 -101,000000 0,000000 0,000000
66 1631708424 4,400000 -1,000000 -101,000000 0,000000 0,000000
66 1631708425 4,400000 -1,000000 -101,000000 0,000000 0,000000
125 1631708424 3,000000 -1,000000 -101,000000 0,000000 0,000000
125 1631708425 3,000000 -1,000000 -101,000000 0,000000 0,000000
125 1631708426 3,000000 -1,000000 -101,000000 0,000000 0,000000
125 1631708427 3,000000 -1,000000 -101,000000 0,000000 0,000000
125 1631708428 3,000000 -1,000000 -101,000000 0,000000 0,000000
66 1631708426 4,400000 -1,000000 -101,000000 0,000000 0,000000
66 1631708427 4,400000 -1,000000 -101,000000 0,000000 0,000000
66 1631708428 4,400000 -1,000000 -101,000000 0,000000 0,000000
66 1631708434 1,800000 -1,000000 -101,000000 0,000000 0,000000
66 1631708435 1,800000 -1,000000 -101,000000 0,000000 0,000000
125 1631708434 4,000000 -1,000000 -101,000000 0,000000 0,000000
125 1631708435 4,000000 -1,000000 -101,000000 0,000000 0,000000
66 1631708436 1,800000 -1,000000 -101,000000 0,000000 0,000000
66 1631708437 1,800000 -1,000000 -101,000000 0,000000 0,000000
66 1631708438 1,800000 -1,000000 -101,000000 0,000000 0,000000
66 1631708444 0,800000 -1,000000 -101,000000 0,000000 0,000000
66 1631708445 0,800000 -1,000000 -101,000000 0,000000 0,000000
125 1631708436 4,000000 -1,000000 -101,000000 0,000000 0,000000
125 1631708437 4,000000 -1,000000 -101,000000 0,000000 0,000000
125 1631708438 4,000000 -1,000000 -101,000000 0,000000 0,000000
125 1631708444 0,400000 -1,000000 -101,000000 0,000000 0,000000
125 1631708445 0,400000 -1,000000 -101,000000 0,000000 0,000000
66 1631708446 0,800000 -1,000000 -101,000000 0,000000 0,000000
66 1631708447 0,800000 -1,000000 -101,000000 0,000000 0,000000
66 1631708448 0,800000 -1,000000 -101,000000 0,000000 0,000000
125 1631708446 0,400000 -1,000000 -101,000000 0,000000 0,000000
125 1631708447 0,400000 -1,000000 -101,000000 0,000000 0,000000
125 1631708448 0,400000 -1,000000 -101,000000 0,000000 0,000000
66 1631708474 0,600000 -1,000000 -101,000000 0,000000 0,000000
66 1631708475 0,600000 -1,000000 -101,000000 0,000000 0,000000
66 1631708476 0,600000 -1,000000 -101,000000 0,000000 0,000000
125 1631708474 1,000000 -1,000000 -101,000000 0,000000 0,000000
125 1631708475 1,000000 -1,000000 -101,000000 0,000000 0,000000
125 1631708476 1,000000 -1,000000 -101,000000 0,000000 0,000000
66 1631708477 0,600000 -1,000000 -101,000000 0,000000 0,000000
66 1631708478 0,600000 -1,000000 -101,000000 0,000000 0,000000
66 1631708479 1,200000 -1,000000 -101,000000 0,000000 0,000000
66 1631708480 1,200000 -1,000000 -101,000000 0,000000 0,000000
66 1631708481 1,200000 -1,000000 -101,000000 0,000000 0,000000
66 1631708482 1,200000 -1,000000 -101,000000 0,000000 0,000000
66 1631708483 1,200000 -1,000000 -101,000000 0,000000 0,000000
66 1631708484 6,600000 -1,000000 -101,000000 0,000000 0,000000
66 1631708485 6,600000 -1,000000 -101,000000 0,000000 0,000000
66 1631708486 6,600000 -1,000000 -101,000000 0,000000 0,000000
66 1631708487 6,600000 -1,000000 -101,000000 0,000000 0,000000
66 1631708488 6,600000 -1,000000 -101,000000 0,000000 0,000000
66 1631708494 3,800000 -1,000000 -101,000000 0,000000 0,000000
66 1631708495 3,800000 -1,000000 -101,000000 0,000000 0,000000
66 1631708496 3,800000 -1,000000 -101,000000 0,000000 0,000000
66 1631708497 3,800000 -1,000000 -101,000000 0,000000 0,000000
66 1631708498 3,800000 -1,000000 -101,000000 0,000000 0,000000
125 1631708477 1,000000 -1,000000 -101,000000 0,000000 0,000000
125 1631708478 1,000000 -1,000000 -101,000000 0,000000 0,000000
125 1631708479 3,800000 -1,000000 -101,000000 0,000000 0,000000
125 1631708480 3,800000 -1,000000 -101,000000 0,000000 0,000000
125 1631708481 3,800000 -1,000000 -101,000000 0,000000 0,000000
125 1631708482 3,800000 -1,000000 -101,000000 0,000000 0,000000
125 1631708483 3,800000 -1,000000 -101,000000 0,000000 0,000000
125 1631708484 1,200000 -1,000000 -101,000000 0,000000 0,000000
125 1631708485 1,200000 -1,000000 -101,000000 0,000000 0,000000
125 1631708486 1,200000 -1,000000 -101,000000 0,000000 0,000000
125 1631708487 1,200000 -1,000000 -101,000000 0,000000 0,000000
125 1631708488 1,200000 -1,000000 -101,000000 0,000000 0,000000
125 1631708489 0,600000 -1,000000 -101,000000 0,000000 0,000000
125 1631708490 0,600000 -1,000000 -101,000000 0,000000 0,000000
125 1631708491 0,600000 -1,000000 -101,000000 0,000000 0,000000
125 1631708492 0,600000 -1,000000 -101,000000 0,000000 0,000000
125 1631708493 0,600000 -1,000000 -101,000000 0,000000 0,000000
125 1631708494 3,800000 -1,000000 -101,000000 0,000000 0,000000
125 1631708495 3,800000 -1,000000 -101,000000 0,000000 0,000000
125 1631708496 3,800000 -1,000000 -101,000000 0,000000 0,000000
125 1631708497 3,800000 -1,000000 -101,000000 0,000000 0,000000
125 1631708498 3,800000 -1,000000 -101,000000 0,000000 0,000000
66 1631708504 1,200000 -1,000000 -101,000000 0,000000 0,000000
66 1631708505 1,200000 -1,000000 -101,000000 0,000000 0,000000
66 1631708506 1,200000 -1,000000 -101,000000 0,000000 0,000000
125 1631708504 2,800000 -1,000000 -101,000000 0,000000 0,000000
125 1631708505 2,800000 -1,000000 -101,000000 0,000000 0,000000
125 1631708506 2,800000 -1,000000 -101,000000 0,000000 0,000000
66 1631708507 1,200000 -1,000000 -101,000000 0,000000 0,000000
66 1631708508 1,200000 -1,000000 -101,000000 0,000000 0,000000
125 1631708507 2,800000 -1,000000 -101,000000 0,000000 0,000000
125 1631708508 2,800000 -1,000000 -101,000000 0,000000 0,000000
66 1631708519 0,600000 -1,000000 -101,000000 0,000000 0,000000
66 1631708520 0,600000 -1,000000 -101,000000 0,000000 0,000000
66 1631708521 0,600000 -1,000000 -101,000000 0,000000 0,000000
66 1631708522 0,600000 -1,000000 -101,000000 0,000000 0,000000
66 1631708523 0,600000 -1,000000 -101,000000 0,000000 0,000000
66 1631708524 1,000000 -1,000000 -101,000000 0,000000 0,000000
66 1631708525 1,000000 -1,000000 -101,000000 0,000000 0,000000
66 1631708526 1,000000 -1,000000 -101,000000 0,000000 0,000000
66 1631708527 1,000000 -1,000000 -101,000000 0,000000 0,000000
66 1631708528 1,000000 -1,000000 -101,000000 0,000000 0,000000
125 1631708519 1,000000 -1,000000 -101,000000 0,000000 0,000000
125 1631708520 1,000000 -1,000000 -101,000000 0,000000 0,000000
125 1631708521 1,000000 -1,000000 -101,000000 0,000000 0,000000
125 1631708522 1,000000 -1,000000 -101,000000 0,000000 0,000000
125 1631708523 1,000000 -1,000000 -101,000000 0,000000 0,000000
125 1631708524 0,400000 -1,000000 -101,000000 0,000000 0,000000
125 1631708525 0,400000 -1,000000 -101,000000 0,000000 0,000000
125 1631708526 0,400000 -1,000000 -101,000000 0,000000 0,000000
125 1631708527 0,400000 -1,000000 -101,000000 0,000000 0,000000
125 1631708528 0,400000 -1,000000 -101,000000 0,000000 0,000000
66 1631708534 1,000000 -1,000000 -101,000000 0,000000 0,000000
66 1631708535 1,000000 -1,000000 -101,000000 0,000000 0,000000
66 1631708536 1,000000 -1,000000 -101,000000 0,000000 0,000000
125 1631708534 1,200000 -1,000000 -101,000000 0,000000 0,000000
125 1631708535 1,200000 -1,000000 -101,000000 0,000000 0,000000
125 1631708536 1,200000 -1,000000 -101,000000 0,000000 0,000000
66 1631708537 1,000000 -1,000000 -101,000000 0,000000 0,000000
66 1631708538 1,000000 -1,000000 -101,000000 0,000000 0,000000
125 1631708537 1,200000 -1,000000 -101,000000 0,000000 0,000000
125 1631708538 1,200000 -1,000000 -101,000000 0,000000 0,000000
125 1631708559 1,200000 -1,000000 -101,000000 0,000000 0,000000
125 1631708560 1,200000 -1,000000 -101,000000 0,000000 0,000000
125 1631708561 1,200000 -1,000000 -101,000000 0,000000 0,000000
125 1631708562 1,200000 -1,000000 -101,000000 0,000000 0,000000
125 1631708563 1,200000 -1,000000 -101,000000 0,000000 0,000000
125 1631708564 2,200000 -1,000000 -101,000000 0,000000 0,000000
125 1631708565 2,200000 -1,000000 -101,000000 0,000000 0,000000
125 1631708566 2,200000 -1,000000 -101,000000 0,000000 0,000000
125 1631708567 2,200000 -1,000000 -101,000000 0,000000 0,000000
125 1631708568 2,200000 -1,000000 -101,000000 0,000000 0,000000
125 1631708569 0,800000 -1,000000 -101,000000 0,000000 0,000000
125 1631708570 0,800000 -1,000000 -101,000000 0,000000 0,000000
125 1631708571 0,800000 -1,000000 -101,000000 0,000000 0,000000
66 1631708559 0,600000 -1,000000 -101,000000 0,000000 0,000000
66 1631708560 0,600000 -1,000000 -101,000000 0,000000 0,000000
66 1631708561 0,600000 -1,000000 -101,000000 0,000000 0,000000
66 1631708562 0,600000 -1,000000 -101,000000 0,000000 0,000000
66 1631708563 0,600000 -1,000000 -101,000000 0,000000 0,000000
66 1631708564 4,400000 -1,000000 -101,000000 0,000000 0,000000
66 1631708565 4,400000 -1,000000 -101,000000 0,000000 0,000000
66 1631708566 4,400000 -1,000000 -101,000000 0,000000 0,000000
66 1631708567 4,400000 -1,000000 -101,000000 0,000000 0,000000
66 1631708568 4,400000 -1,000000 -101,000000 0,000000 0,000000
66 1631708569 2,200000 -1,000000 -101,000000 0,000000 0,000000
66 1631708570 2,200000 -1,000000 -101,000000 0,000000 0,000000
66 1631708571 2,200000 -1,000000 -101,000000 0,000000 0,000000
66 1631708572 2,200000 -1,000000 -101,000000 0,000000 0,000000
66 1631708573 2,200000 -1,000000 -101,000000 0,000000 0,000000
66 1631708574 1,600000 -1,000000 -101,000000 0,000000 0,000000
66 1631708575 1,600000 -1,000000 -101,000000 0,000000 0,000000
66 1631708576 1,600000 -1,000000 -101,000000 0,000000 0,000000
66 1631708577 1,600000 -1,000000 -101,000000 0,000000 0,000000
66 1631708578 1,600000 -1,000000 -101,000000 0,000000 0,000000
125 1631708572 0,800000 -1,000000 -101,000000 0,000000 0,000000
125 1631708573 0,800000 -1,000000 -101,000000 0,000000 0,000000
125 1631708574 4,800000 -1,000000 -101,000000 0,000000 0,000000
125 1631708575 4,800000 -1,000000 -101,000000 0,000000 0,000000
125 1631708576 4,800000 -1,000000 -101,000000 0,000000 0,000000
125 1631708577 4,800000 -1,000000 -101,000000 0,000000 0,000000
125 1631708578 4,800000 -1,000000 -101,000000 0,000000 0,000000
66 1631708589 1,200000 -1,000000 -101,000000 0,000000 0,000000
66 1631708590 1,200000 -1,000000 -101,000000 0,000000 0,000000
66 1631708591 1,200000 -1,000000 -101,000000 0,000000 0,000000
125 1631708589 1,000000 -1,000000 -101,000000 0,000000 0,000000
125 1631708590 1,000000 -1,000000 -101,000000 0,000000 0,000000
125 1631708591 1,000000 -1,000000 -101,000000 0,000000 0,000000
66 1631708592 1,200000 -1,000000 -101,000000 0,000000 0,000000
66 1631708593 1,200000 -1,000000 -101,000000 0,000000 0,000000
66 1631708594 1,000000 -1,000000 -101,000000 0,000000 0,000000
66 1631708595 1,000000 -1,000000 -101,000000 0,000000 0,000000
66 1631708596 1,000000 -1,000000 -101,000000 0,000000 0,000000
125 1631708592 1,000000 -1,000000 -101,000000 0,000000 0,000000
125 1631708593 1,000000 -1,000000 -101,000000 0,000000 0,000000
125 1631708594 1,200000 -1,000000 -101,000000 0,000000 0,000000
125 1631708595 1,200000 -1,000000 -101,000000 0,000000 0,000000
125 1631708596 1,200000 -1,000000 -101,000000 0,000000 0,000000
66 1631708597 1,000000 -1,000000 -101,000000 0,000000 0,000000
66 1631708598 1,000000 -1,000000 -101,000000 0,000000 0,000000
66 1631708599 0,600000 -1,000000 -101,000000 0,000000 0,000000
66 1631708600 0,600000 -1,000000 -101,000000 0,000000 0,000000
66 1631708601 0,600000 -1,000000 -101,000000 0,000000 0,000000
125 1631708597 1,200000 -1,000000 -101,000000 0,000000 0,000000
125 1631708598 1,200000 -1,000000 -101,000000 0,000000 0,000000
125 1631708599 1,000000 -1,000000 -101,000000 0,000000 0,000000
125 1631708600 1,000000 -1,000000 -101,000000 0,000000 0,000000
125 1631708601 1,000000 -1,000000 -101,000000 0,000000 0,000000
66 1631708602 0,600000 -1,000000 -101,000000 0,000000 0,000000
66 1631708603 0,600000 -1,000000 -101,000000 0,000000 0,000000
66 1631708609 0,800000 -1,000000 -101,000000 0,000000 0,000000
66 1631708610 0,800000 -1,000000 -101,000000 0,000000 0,000000
66 1631708611 0,800000 -1,000000 -101,000000 0,000000 0,000000
66 1631708612 0,800000 -1,000000 -101,000000 0,000000 0,000000
66 1631708613 0,800000 -1,000000 -101,000000 0,000000 0,000000
125 1631708602 1,000000 -1,000000 -101,000000 0,000000 0,000000
125 1631708603 1,000000 -1,000000 -101,000000 0,000000 0,000000
125 1631708609 0,400000 -1,000000 -101,000000 0,000000 0,000000
125 1631708610 0,400000 -1,000000 -101,000000 0,000000 0,000000
125 1631708611 0,400000 -1,000000 -101,000000 0,000000 0,000000
125 1631708612 0,400000 -1,000000 -101,000000 0,000000 0,000000
125 1631708613 0,400000 -1,000000 -101,000000 0,000000 0,000000
125 1631708629 1,800000 -1,000000 -101,000000 0,000000 0,000000
125 1631708630 1,800000 -1,000000 -101,000000 0,000000 0,000000
125 1631708631 1,800000 -1,000000 -101,000000 0,000000 0,000000
66 1631708634 3,200000 -1,000000 -101,000000 0,000000 0,000000
66 1631708635 3,200000 -1,000000 -101,000000 0,000000 0,000000
66 1631708636 3,200000 -1,000000 -101,000000 0,000000 0,000000
66 1631708637 3,200000 -1,000000 -101,000000 0,000000 0,000000
66 1631708638 3,200000 -1,000000 -101,000000 0,000000 0,000000
66 1631708639 0,600000 -1,000000 -101,000000 0,000000 0,000000
66 1631708640 0,600000 -1,000000 -101,000000 0,000000 0,000000
66 1631708641 0,600000 -1,000000 -101,000000 0,000000 0,000000
125 1631708632 1,800000 -1,000000 -101,000000 0,000000 0,000000
125 1631708633 1,800000 -1,000000 -101,000000 0,000000 0,000000
125 1631708639 3,600000 -1,000000 -101,000000 0,000000 0,000000
125 1631708640 3,600000 -1,000000 -101,000000 0,000000 0,000000
125 1631708641 3,600000 -1,000000 -101,000000 0,000000 0,000000
66 1631708642 0,600000 -1,000000 -101,000000 0,000000 0,000000
66 1631708643 0,600000 -1,000000 -101,000000 0,000000 0,000000
66 1631708644 2,400000 -1,000000 -101,000000 0,000000 0,000000
66 1631708645 2,400000 -1,000000 -101,000000 0,000000 0,000000
66 1631708646 2,400000 -1,000000 -101,000000 0,000000 0,000000
125 1631708642 3,600000 -1,000000 -101,000000 0,000000 0,000000
125 1631708643 3,600000 -1,000000 -101,000000 0,000000 0,000000
125 1631708644 2,800000 -1,000000 -101,000000 0,000000 0,000000
125 1631708645 2,800000 -1,000000 -101,000000 0,000000 0,000000
125 1631708646 2,800000 -1,000000 -101,000000 0,000000 0,000000
125 1631708647 2,800000 -1,000000 -101,000000 0,000000 0,000000
125 1631708648 2,800000 -1,000000 -101,000000 0,000000 0,000000
125 1631708649 0,400000 -1,000000 -101,000000 0,000000 0,000000
125 1631708650 0,400000 -1,000000 -101,000000 0,000000 0,000000
125 1631708651 0,400000 -1,000000 -101,000000 0,000000 0,000000
66 1631708647 2,400000 -1,000000 -101,000000 0,000000 0,000000
66 1631708648 2,400000 -1,000000 -101,000000 0,000000 0,000000
66 1631708649 2,800000 -1,000000 -101,000000 0,000000 0,000000
66 1631708650 2,800000 -1,000000 -101,000000 0,000000 0,000000
66 1631708651 2,800000 -1,000000 -101,000000 0,000000 0,000000
66 1631708652 2,800000 -1,000000 -101,000000 0,000000 0,000000
66 1631708653 2,800000 -1,000000 -101,000000 0,000000 0,000000
66 1631708654 2,200000 -1,000000 -101,000000 0,000000 0,000000
66 1631708655 2,200000 -1,000000 -101,000000 0,000000 0,000000
66 1631708656 2,200000 -1,000000 -101,000000 0,000000 0,000000
66 1631708657 2,200000 -1,000000 -101,000000 0,000000 0,000000
66 1631708658 2,200000 -1,000000 -101,000000 0,000000 0,000000
66 1631708659 0,400000 -1,000000 -101,000000 0,000000 0,000000
66 1631708660 0,400000 -1,000000 -101,000000 0,000000 0,000000
66 1631708661 0,400000 -1,000000 -101,000000 0,000000 0,000000
66 1631708662 0,400000 -1,000000 -101,000000 0,000000 0,000000
66 1631708663 0,400000 -1,000000 -101,000000 0,000000 0,000000
125 1631708652 0,400000 -1,000000 -101,000000 0,000000 0,000000
125 1631708653 0,400000 -1,000000 -101,000000 0,000000 0,000000
125 1631708654 1,200000 -1,000000 -101,000000 0,000000 0,000000
125 1631708655 1,200000 -1,000000 -101,000000 0,000000 0,000000
125 1631708656 1,200000 -1,000000 -101,000000 0,000000 0,000000
125 1631708657 1,200000 -1,000000 -101,000000 0,000000 0,000000
125 1631708658 1,200000 -1,000000 -101,000000 0,000000 0,000000
125 1631708659 1,800000 -1,000000 -101,000000 0,000000 0,000000
125 1631708660 1,800000 -1,000000 -101,000000 0,000000 0,000000
125 1631708661 1,800000 -1,000000 -101,000000 0,000000 0,000000
125 1631708662 1,800000 -1,000000 -101,000000 0,000000 0,000000
125 1631708663 1,800000 -1,000000 -101,000000 0,000000 0,000000
125 1631708738 0,800000 -1,000000 0,800000 0,800000 0,000000
125 1631708737 0,800000 -1,000000 0,800000 0,800000 0,000000
125 1631708736 0,800000 -1,000000 0,800000 0,800000 0,000000
125 1631708735 0,800000 -1,000000 0,800000 0,800000 0,000000
125 1631708734 0,800000 -1,000000 0,800000 0,800000 0,000000
125 1631708733 0,400000 -1,000000 0,400000 0,400000 0,000000
125 1631708732 0,400000 -1,000000 0,400000 0,400000 0,000000
125 1631708731 0,400000 -1,000000 0,400000 0,400000 0,000000
125 1631708730 0,400000 -1,000000 0,400000 0,400000 0,000000
125 1631708729 0,400000 -1,000000 0,400000 0,400000 0,000000
125 1631708728 1,000000 -1,000000 1,000000 1,000000 0,000000
125 1631708727 1,000000 -1,000000 1,000000 1,000000 0,000000
125 1631708726 1,000000 -1,000000 1,000000 1,000000 0,000000
125 1631708725 1,000000 -1,000000 1,000000 1,000000 0,000000
125 1631708724 1,000000 -1,000000 1,000000 1,000000 0,000000
125 1631708713 2,600000 -1,000000 2,600000 2,600000 0,000000
125 1631708712 2,600000 -1,000000 2,600000 2,600000 0,000000
125 1631708711 2,600000 -1,000000 2,600000 2,600000 0,000000
125 1631708710 2,600000 -1,000000 2,600000 2,600000 0,000000
125 1631708709 2,600000 -1,000000 2,600000 2,600000 0,000000
125 1631708708 1,000000 -1,000000 1,000000 1,000000 0,000000
125 1631708707 1,000000 -1,000000 1,000000 1,000000 0,000000
125 1631708706 1,000000 -1,000000 1,000000 1,000000 0,000000
125 1631708705 1,000000 -1,000000 1,000000 1,000000 0,000000
125 1631708704 1,000000 -1,000000 1,000000 1,000000 0,000000
125 1631708703 3,000000 -1,000000 3,000000 3,000000 0,000000
125 1631708702 3,000000 -1,000000 3,000000 3,000000 0,000000
125 1631708701 3,000000 -1,000000 3,000000 3,000000 0,000000
125 1631708700 3,000000 -1,000000 3,000000 3,000000 0,000000
125 1631708699 3,000000 -1,000000 3,000000 3,000000 0,000000
125 1631708693 0,400000 -1,000000 0,400000 0,400000 0,000000
125 1631708692 0,400000 -1,000000 0,400000 0,400000 0,000000
125 1631708691 0,400000 -1,000000 0,400000 0,400000 0,000000
125 1631708690 0,400000 -1,000000 0,400000 0,400000 0,000000
125 1631708689 0,400000 -1,000000 0,400000 0,400000 0,000000
125 1631708683 1,000000 -1,000000 1,000000 1,000000 0,000000
125 1631708682 1,000000 -1,000000 1,000000 1,000000 0,000000
125 1631708681 1,000000 -1,000000 1,000000 1,000000 0,000000
125 1631708680 1,000000 -1,000000 1,000000 1,000000 0,000000
125 1631708679 1,000000 -1,000000 1,000000 1,000000 0,000000
66 1631708733 1,000000 -1,000000 1,000000 1,000000 0,000000
66 1631708732 1,000000 -1,000000 1,000000 1,000000 0,000000
66 1631708731 1,000000 -1,000000 1,000000 1,000000 0,000000
66 1631708730 1,000000 -1,000000 1,000000 1,000000 0,000000
66 1631708729 1,000000 -1,000000 1,000000 1,000000 0,000000
66 1631708728 0,600000 -1,000000 0,600000 0,600000 0,000000
66 1631708727 0,600000 -1,000000 0,600000 0,600000 0,000000
66 1631708726 0,600000 -1,000000 0,600000 0,600000 0,000000
66 1631708725 0,600000 -1,000000 0,600000 0,600000 0,000000
66 1631708724 0,600000 -1,000000 0,600000 0,600000 0,000000
66 1631708718 1,200000 -1,000000 1,200000 1,200000 0,000000
66 1631708717 1,200000 -1,000000 1,200000 1,200000 0,000000
66 1631708716 1,200000 -1,000000 1,200000 1,200000 0,000000
66 1631708715 1,200000 -1,000000 1,200000 1,200000 0,000000
66 1631708714 1,200000 -1,000000 1,200000 1,200000 0,000000
66 1631708708 4,200000 -1,000000 4,200000 4,200000 0,000000
66 1631708707 4,200000 -1,000000 4,200000 4,200000 0,000000
66 1631708706 4,200000 -1,000000 4,200000 4,200000 0,000000
66 1631708705 4,200000 -1,000000 4,200000 4,200000 0,000000
66 1631708704 4,200000 -1,000000 4,200000 4,200000 0,000000
66 1631708703 1,200000 -1,000000 1,200000 1,200000 0,000000
66 1631708702 1,200000 -1,000000 1,200000 1,200000 0,000000
66 1631708701 1,200000 -1,000000 1,200000 1,200000 0,000000
66 1631708700 1,200000 -1,000000 1,200000 1,200000 0,000000
66 1631708699 1,200000 -1,000000 1,200000 1,200000 0,000000
66 1631708693 0,800000 -1,000000 0,800000 0,800000 0,000000
66 1631708692 0,800000 -1,000000 0,800000 0,800000 0,000000
66 1631708691 0,800000 -1,000000 0,800000 0,800000 0,000000
66 1631708690 0,800000 -1,000000 0,800000 0,800000 0,000000
66 1631708689 0,800000 -1,000000 0,800000 0,800000 0,000000
66 1631708683 0,600000 -1,000000 0,600000 0,600000 0,000000
66 1631708682 0,600000 -1,000000 0,600000 0,600000 0,000000
66 1631708681 0,600000 -1,000000 0,600000 0,600000 0,000000
66 1631708680 0,600000 -1,000000 0,600000 0,600000 0,000000
66 1631708679 0,600000 -1,000000 0,600000 0,600000 0,000000
66 1631708679 0,600000 -1,000000 -101,000000 0,000000 0,000000
66 1631708680 0,600000 -1,000000 -101,000000 0,000000 0,000000
66 1631708681 0,600000 -1,000000 -101,000000 0,000000 0,000000
66 1631708682 0,600000 -1,000000 -101,000000 0,000000 0,000000
66 1631708683 0,600000 -1,000000 -101,000000 0,000000 0,000000
125 1631708679 1,000000 -1,000000 -101,000000 0,000000 0,000000
125 1631708680 1,000000 -1,000000 -101,000000 0,000000 0,000000
125 1631708681 1,000000 -1,000000 -101,000000 0,000000 0,000000
125 1631708682 1,000000 -1,000000 -101,000000 0,000000 0,000000
125 1631708683 1,000000 -1,000000 -101,000000 0,000000 0,000000
66 1631708689 0,800000 -1,000000 -101,000000 0,000000 0,000000
66 1631708690 0,800000 -1,000000 -101,000000 0,000000 0,000000
66 1631708691 0,800000 -1,000000 -101,000000 0,000000 0,000000
66 1631708692 0,800000 -1,000000 -101,000000 0,000000 0,000000
66 1631708693 0,800000 -1,000000 -101,000000 0,000000 0,000000
125 1631708689 0,400000 -1,000000 -101,000000 0,000000 0,000000
125 1631708690 0,400000 -1,000000 -101,000000 0,000000 0,000000
125 1631708691 0,400000 -1,000000 -101,000000 0,000000 0,000000
125 1631708692 0,400000 -1,000000 -101,000000 0,000000 0,000000
125 1631708693 0,400000 -1,000000 -101,000000 0,000000 0,000000
66 1631708699 1,200000 -1,000000 -101,000000 0,000000 0,000000
66 1631708700 1,200000 -1,000000 -101,000000 0,000000 0,000000
66 1631708701 1,200000 -1,000000 -101,000000 0,000000 0,000000
66 1631708702 1,200000 -1,000000 -101,000000 0,000000 0,000000
66 1631708703 1,200000 -1,000000 -101,000000 0,000000 0,000000
66 1631708704 4,200000 -1,000000 -101,000000 0,000000 0,000000
66 1631708705 4,200000 -1,000000 -101,000000 0,000000 0,000000
66 1631708706 4,200000 -1,000000 -101,000000 0,000000 0,000000
125 1631708699 3,000000 -1,000000 -101,000000 0,000000 0,000000
125 1631708700 3,000000 -1,000000 -101,000000 0,000000 0,000000
125 1631708701 3,000000 -1,000000 -101,000000 0,000000 0,000000
125 1631708702 3,000000 -1,000000 -101,000000 0,000000 0,000000
125 1631708703 3,000000 -1,000000 -101,000000 0,000000 0,000000
125 1631708704 1,000000 -1,000000 -101,000000 0,000000 0,000000
125 1631708705 1,000000 -1,000000 -101,000000 0,000000 0,000000
125 1631708706 1,000000 -1,000000 -101,000000 0,000000 0,000000
66 1631708707 4,200000 -1,000000 -101,000000 0,000000 0,000000
66 1631708708 4,200000 -1,000000 -101,000000 0,000000 0,000000
125 1631708707 1,000000 -1,000000 -101,000000 0,000000 0,000000
125 1631708708 1,000000 -1,000000 -101,000000 0,000000 0,000000
125 1631708709 2,600000 -1,000000 -101,000000 0,000000 0,000000
125 1631708710 2,600000 -1,000000 -101,000000 0,000000 0,000000
125 1631708711 2,600000 -1,000000 -101,000000 0,000000 0,000000
66 1631708714 1,200000 -1,000000 -101,000000 0,000000 0,000000
66 1631708715 1,200000 -1,000000 -101,000000 0,000000 0,000000
66 1631708716 1,200000 -1,000000 -101,000000 0,000000 0,000000
66 1631708717 1,200000 -1,000000 -101,000000 0,000000 0,000000
66 1631708718 1,200000 -1,000000 -101,000000 0,000000 0,000000
125 1631708712 2,600000 -1,000000 -101,000000 0,000000 0,000000
125 1631708713 2,600000 -1,000000 -101,000000 0,000000 0,000000
66 1631708724 0,600000 -1,000000 -101,000000 0,000000 0,000000
66 1631708725 0,600000 -1,000000 -101,000000 0,000000 0,000000
66 1631708726 0,600000 -1,000000 -101,000000 0,000000 0,000000
66 1631708727 0,600000 -1,000000 -101,000000 0,000000 0,000000
66 1631708728 0,600000 -1,000000 -101,000000 0,000000 0,000000
66 1631708729 1,000000 -1,000000 -101,000000 0,000000 0,000000
66 1631708730 1,000000 -1,000000 -101,000000 0,000000 0,000000
66 1631708731 1,000000 -1,000000 -101,000000 0,000000 0,000000
66 1631708732 1,000000 -1,000000 -101,000000 0,000000 0,000000
66 1631708733 1,000000 -1,000000 -101,000000 0,000000 0,000000
66 1631708739 2,000000 -1,000000 -101,000000 0,000000 0,000000
66 1631708740 2,000000 -1,000000 -101,000000 0,000000 0,000000
66 1631708741 2,000000 -1,000000 -101,000000 0,000000 0,000000
66 1631708742 2,000000 -1,000000 -101,000000 0,000000 0,000000
66 1631708743 2,000000 -1,000000 -101,000000 0,000000 0,000000
66 1631708744 0,400000 -1,000000 -101,000000 0,000000 0,000000
66 1631708745 0,400000 -1,000000 -101,000000 0,000000 0,000000
66 1631708746 0,400000 -1,000000 -101,000000 0,000000 0,000000
125 1631708724 1,000000 -1,000000 -101,000000 0,000000 0,000000
125 1631708725 1,000000 -1,000000 -101,000000 0,000000 0,000000
125 1631708726 1,000000 -1,000000 -101,000000 0,000000 0,000000
125 1631708727 1,000000 -1,000000 -101,000000 0,000000 0,000000
125 1631708728 1,000000 -1,000000 -101,000000 0,000000 0,000000
125 1631708729 0,400000 -1,000000 -101,000000 0,000000 0,000000
125 1631708730 0,400000 -1,000000 -101,000000 0,000000 0,000000
125 1631708731 0,400000 -1,000000 -101,000000 0,000000 0,000000
125 1631708732 0,400000 -1,000000 -101,000000 0,000000 0,000000
125 1631708733 0,400000 -1,000000 -101,000000 0,000000 0,000000
125 1631708734 0,800000 -1,000000 -101,000000 0,000000 0,000000
125 1631708735 0,800000 -1,000000 -101,000000 0,000000 0,000000
125 1631708736 0,800000 -1,000000 -101,000000 0,000000 0,000000
125 1631708737 0,800000 -1,000000 -101,000000 0,000000 0,000000
125 1631708738 0,800000 -1,000000 -101,000000 0,000000 0,000000
125 1631708744 1,600000 -1,000000 -101,000000 0,000000 0,000000
125 1631708745 1,600000 -1,000000 -101,000000 0,000000 0,000000
125 1631708746 1,600000 -1,000000 -101,000000 0,000000 0,000000
66 1631708747 0,400000 -1,000000 -101,000000 0,000000 0,000000
66 1631708748 0,400000 -1,000000 -101,000000 0,000000 0,000000
125 1631708747 1,600000 -1,000000 -101,000000 0,000000 0,000000
125 1631708748 1,600000 -1,000000 -101,000000 0,000000 0,000000
66 1631708754 1,000000 -1,000000 -101,000000 0,000000 0,000000
66 1631708755 1,000000 -1,000000 -101,000000 0,000000 0,000000
66 1631708756 1,000000 -1,000000 -101,000000 0,000000 0,000000
125 1631708754 1,200000 -1,000000 -101,000000 0,000000 0,000000
125 1631708755 1,200000 -1,000000 -101,000000 0,000000 0,000000
125 1631708756 1,200000 -1,000000 -101,000000 0,000000 0,000000
66 1631708757 1,000000 -1,000000 -101,000000 0,000000 0,000000
66 1631708758 1,000000 -1,000000 -101,000000 0,000000 0,000000
125 1631708757 1,200000 -1,000000 -101,000000 0,000000 0,000000
125 1631708758 1,200000 -1,000000 -101,000000 0,000000 0,000000
66 1631708764 0,600000 -1,000000 -101,000000 0,000000 0,000000
66 1631708765 0,600000 -1,000000 -101,000000 0,000000 0,000000
66 1631708766 0,600000 -1,000000 -101,000000 0,000000 0,000000
66 1631708767 0,600000 -1,000000 -101,000000 0,000000 0,000000
66 1631708768 0,600000 -1,000000 -101,000000 0,000000 0,000000
66 1631708769 4,200000 -1,000000 -101,000000 0,000000 0,000000
66 1631708770 4,200000 -1,000000 -101,000000 0,000000 0,000000
66 1631708771 4,200000 -1,000000 -101,000000 0,000000 0,000000
125 1631708764 1,200000 -1,000000 -101,000000 0,000000 0,000000
125 1631708765 1,200000 -1,000000 -101,000000 0,000000 0,000000
125 1631708766 1,200000 -1,000000 -101,000000 0,000000 0,000000
125 1631708767 1,200000 -1,000000 -101,000000 0,000000 0,000000
125 1631708768 1,200000 -1,000000 -101,000000 0,000000 0,000000
125 1631708769 2,200000 -1,000000 -101,000000 0,000000 0,000000
125 1631708770 2,200000 -1,000000 -101,000000 0,000000 0,000000
125 1631708771 2,200000 -1,000000 -101,000000 0,000000 0,000000
66 1631708772 4,200000 -1,000000 -101,000000 0,000000 0,000000
66 1631708773 4,200000 -1,000000 -101,000000 0,000000 0,000000
66 1631708779 1,200000 -1,000000 -101,000000 0,000000 0,000000
66 1631708780 1,200000 -1,000000 -101,000000 0,000000 0,000000
66 1631708781 1,200000 -1,000000 -101,000000 0,000000 0,000000
125 1631708772 2,200000 -1,000000 -101,000000 0,000000 0,000000
125 1631708773 2,200000 -1,000000 -101,000000 0,000000 0,000000
125 1631708779 2,800000 -1,000000 -101,000000 0,000000 0,000000
125 1631708780 2,800000 -1,000000 -101,000000 0,000000 0,000000
125 1631708781 2,800000 -1,000000 -101,000000 0,000000 0,000000
66 1631708782 1,200000 -1,000000 -101,000000 0,000000 0,000000
66 1631708783 1,200000 -1,000000 -101,000000 0,000000 0,000000
125 1631708782 2,800000 -1,000000 -101,000000 0,000000 0,000000
125 1631708783 2,800000 -1,000000 -101,000000 0,000000 0,000000
66 1631708804 0,600000 -1,000000 -101,000000 0,000000 0,000000
66 1631708805 0,600000 -1,000000 -101,000000 0,000000 0,000000
66 1631708806 0,600000 -1,000000 -101,000000 0,000000 0,000000
125 1631708804 1,000000 -1,000000 -101,000000 0,000000 0,000000
125 1631708805 1,000000 -1,000000 -101,000000 0,000000 0,000000
125 1631708806 1,000000 -1,000000 -101,000000 0,000000 0,000000
66 1631708807 0,600000 -1,000000 -101,000000 0,000000 0,000000
66 1631708808 0,600000 -1,000000 -101,000000 0,000000 0,000000
66 1631708809 2,000000 -1,000000 -101,000000 0,000000 0,000000
66 1631708810 2,000000 -1,000000 -101,000000 0,000000 0,000000
66 1631708811 2,000000 -1,000000 -101,000000 0,000000 0,000000
66 1631708812 2,000000 -1,000000 -101,000000 0,000000 0,000000
66 1631708813 2,000000 -1,000000 -101,000000 0,000000 0,000000
66 1631708814 2,400000 -1,000000 -101,000000 0,000000 0,000000
66 1631708815 2,400000 -1,000000 -101,000000 0,000000 0,000000
66 1631708816 2,400000 -1,000000 -101,000000 0,000000 0,000000
66 1631708817 2,400000 -1,000000 -101,000000 0,000000 0,000000
66 1631708818 2,400000 -1,000000 -101,000000 0,000000 0,000000
66 1631708819 1,200000 -1,000000 -101,000000 0,000000 0,000000
66 1631708820 1,200000 -1,000000 -101,000000 0,000000 0,000000
66 1631708821 1,200000 -1,000000 -101,000000 0,000000 0,000000
66 1631708822 1,200000 -1,000000 -101,000000 0,000000 0,000000
66 1631708823 1,200000 -1,000000 -101,000000 0,000000 0,000000
66 1631708824 2,200000 -1,000000 -101,000000 0,000000 0,000000
66 1631708825 2,200000 -1,000000 -101,000000 0,000000 0,000000
66 1631708826 2,200000 -1,000000 -101,000000 0,000000 0,000000
125 1631708807 1,000000 -1,000000 -101,000000 0,000000 0,000000
125 1631708808 1,000000 -1,000000 -101,000000 0,000000 0,000000
125 1631708809 1,400000 -1,000000 -101,000000 0,000000 0,000000
125 1631708810 1,400000 -1,000000 -101,000000 0,000000 0,000000
125 1631708811 1,400000 -1,000000 -101,000000 0,000000 0,000000
125 1631708812 1,400000 -1,000000 -101,000000 0,000000 0,000000
125 1631708813 1,400000 -1,000000 -101,000000 0,000000 0,000000
125 1631708814 2,600000 -1,000000 -101,000000 0,000000 0,000000
125 1631708815 2,600000 -1,000000 -101,000000 0,000000 0,000000
125 1631708816 2,600000 -1,000000 -101,000000 0,000000 0,000000
125 1631708817 2,600000 -1,000000 -101,000000 0,000000 0,000000
125 1631708818 2,600000 -1,000000 -101,000000 0,000000 0,000000
125 1631708819 1,600000 -1,000000 -101,000000 0,000000 0,000000
125 1631708820 1,600000 -1,000000 -101,000000 0,000000 0,000000
125 1631708821 1,600000 -1,000000 -101,000000 0,000000 0,000000
125 1631708822 1,600000 -1,000000 -101,000000 0,000000 0,000000
125 1631708823 1,600000 -1,000000 -101,000000 0,000000 0,000000
66 1631708827 2,200000 -1,000000 -101,000000 0,000000 0,000000
66 1631708828 2,200000 -1,000000 -101,000000 0,000000 0,000000
66 1631708829 0,400000 -1,000000 -101,000000 0,000000 0,000000
66 1631708830 0,400000 -1,000000 -101,000000 0,000000 0,000000
66 1631708831 0,400000 -1,000000 -101,000000 0,000000 0,000000
66 1631708832 0,400000 -1,000000 -101,000000 0,000000 0,000000
66 1631708833 0,400000 -1,000000 -101,000000 0,000000 0,000000
125 1631708829 1,800000 -1,000000 -101,000000 0,000000 0,000000
125 1631708830 1,800000 -1,000000 -101,000000 0,000000 0,000000
125 1631708831 1,800000 -1,000000 -101,000000 0,000000 0,000000
125 1631708832 1,800000 -1,000000 -101,000000 0,000000 0,000000
125 1631708833 1,800000 -1,000000 -101,000000 0,000000 0,000000
66 1631708839 3,400000 -1,000000 -101,000000 0,000000 0,000000
66 1631708840 3,400000 -1,000000 -101,000000 0,000000 0,000000
66 1631708841 3,400000 -1,000000 -101,000000 0,000000 0,000000
66 1631708842 3,400000 -1,000000 -101,000000 0,000000 0,000000
66 1631708843 3,400000 -1,000000 -101,000000 0,000000 0,000000
66 1631708844 0,600000 -1,000000 -101,000000 0,000000 0,000000
66 1631708845 0,600000 -1,000000 -101,000000 0,000000 0,000000
66 1631708846 0,600000 -1,000000 -101,000000 0,000000 0,000000
125 1631708839 1,800000 -1,000000 -101,000000 0,000000 0,000000
125 1631708840 1,800000 -1,000000 -101,000000 0,000000 0,000000
125 1631708841 1,800000 -1,000000 -101,000000 0,000000 0,000000
125 1631708842 1,800000 -1,000000 -101,000000 0,000000 0,000000
125 1631708843 1,800000 -1,000000 -101,000000 0,000000 0,000000
125 1631708844 1,200000 -1,000000 -101,000000 0,000000 0,000000
125 1631708845 1,200000 -1,000000 -101,000000 0,000000 0,000000
125 1631708846 1,200000 -1,000000 -101,000000 0,000000 0,000000
66 1631708847 0,600000 -1,000000 -101,000000 0,000000 0,000000
66 1631708848 0,600000 -1,000000 -101,000000 0,000000 0,000000
66 1631708849 1,200000 -1,000000 -101,000000 0,000000 0,000000
66 1631708850 1,200000 -1,000000 -101,000000 0,000000 0,000000
66 1631708851 1,200000 -1,000000 -101,000000 0,000000 0,000000
125 1631708847 1,200000 -1,000000 -101,000000 0,000000 0,000000
125 1631708848 1,200000 -1,000000 -101,000000 0,000000 0,000000
125 1631708849 2,800000 -1,000000 -101,000000 0,000000 0,000000
125 1631708850 2,800000 -1,000000 -101,000000 0,000000 0,000000
125 1631708851 2,800000 -1,000000 -101,000000 0,000000 0,000000
66 1631708852 1,200000 -1,000000 -101,000000 0,000000 0,000000
66 1631708853 1,200000 -1,000000 -101,000000 0,000000 0,000000
66 1631708854 0,800000 -1,000000 -101,000000 0,000000 0,000000
66 1631708855 0,800000 -1,000000 -101,000000 0,000000 0,000000
66 1631708856 0,800000 -1,000000 -101,000000 0,000000 0,000000
125 1631708852 2,800000 -1,000000 -101,000000 0,000000 0,000000
125 1631708853 2,800000 -1,000000 -101,000000 0,000000 0,000000
125 1631708854 0,400000 -1,000000 -101,000000 0,000000 0,000000
125 1631708855 0,400000 -1,000000 -101,000000 0,000000 0,000000
125 1631708856 0,400000 -1,000000 -101,000000 0,000000 0,000000
66 1631708857 0,800000 -1,000000 -101,000000 0,000000 0,000000
66 1631708858 0,800000 -1,000000 -101,000000 0,000000 0,000000
125 1631708857 0,400000 -1,000000 -101,000000 0,000000 0,000000
125 1631708858 0,400000 -1,000000 -101,000000 0,000000 0,000000
125 1631708864 1,000000 -1,000000 -101,000000 0,000000 0,000000
125 1631708865 1,000000 -1,000000 -101,000000 0,000000 0,000000
125 1631708866 1,000000 -1,000000 -101,000000 0,000000 0,000000
66 1631708864 1,200000 -1,000000 -101,000000 0,000000 0,000000
66 1631708865 1,200000 -1,000000 -101,000000 0,000000 0,000000
66 1631708866 1,200000 -1,000000 -101,000000 0,000000 0,000000
66 1631708867 1,200000 -1,000000 -101,000000 0,000000 0,000000
66 1631708868 1,200000 -1,000000 -101,000000 0,000000 0,000000
125 1631708867 1,000000 -1,000000 -101,000000 0,000000 0,000000
125 1631708868 1,000000 -1,000000 -101,000000 0,000000 0,000000
66 1631708884 0,600000 -1,000000 -101,000000 0,000000 0,000000
66 1631708885 0,600000 -1,000000 -101,000000 0,000000 0,000000
66 1631708886 0,600000 -1,000000 -101,000000 0,000000 0,000000
66 1631708887 0,600000 -1,000000 -101,000000 0,000000 0,000000
66 1631708888 0,600000 -1,000000 -101,000000 0,000000 0,000000
66 1631708894 0,800000 -1,000000 -101,000000 0,000000 0,000000
66 1631708895 0,800000 -1,000000 -101,000000 0,000000 0,000000
66 1631708896 0,800000 -1,000000 -101,000000 0,000000 0,000000
66 1631708897 0,800000 -1,000000 -101,000000 0,000000 0,000000
66 1631708898 0,800000 -1,000000 -101,000000 0,000000 0,000000
66 1631708904 2,200000 -1,000000 -101,000000 0,000000 0,000000
66 1631708905 2,200000 -1,000000 -101,000000 0,000000 0,000000
66 1631708906 2,200000 -1,000000 -101,000000 0,000000 0,000000
66 1631708907 2,200000 -1,000000 -101,000000 0,000000 0,000000
66 1631708908 2,200000 -1,000000 -101,000000 0,000000 0,000000
66 1631708909 3,200000 -1,000000 -101,000000 0,000000 0,000000
66 1631708910 3,200000 -1,000000 -101,000000 0,000000 0,000000
66 1631708911 3,200000 -1,000000 -101,000000 0,000000 0,000000
125 1631708884 1,000000 -1,000000 -101,000000 0,000000 0,000000
125 1631708885 1,000000 -1,000000 -101,000000 0,000000 0,000000
125 1631708886 1,000000 -1,000000 -101,000000 0,000000 0,000000
125 1631708887 1,000000 -1,000000 -101,000000 0,000000 0,000000
125 1631708888 1,000000 -1,000000 -101,000000 0,000000 0,000000
125 1631708894 0,400000 -1,000000 -101,000000 0,000000 0,000000
125 1631708895 0,400000 -1,000000 -101,000000 0,000000 0,000000
125 1631708896 0,400000 -1,000000 -101,000000 0,000000 0,000000
125 1631708897 0,400000 -1,000000 -101,000000 0,000000 0,000000
125 1631708898 0,400000 -1,000000 -101,000000 0,000000 0,000000
125 1631708904 0,800000 -1,000000 -101,000000 0,000000 0,000000
125 1631708905 0,800000 -1,000000 -101,000000 0,000000 0,000000
125 1631708906 0,800000 -1,000000 -101,000000 0,000000 0,000000
125 1631708907 0,800000 -1,000000 -101,000000 0,000000 0,000000
125 1631708908 0,800000 -1,000000 -101,000000 0,000000 0,000000
125 1631708909 1,800000 -1,000000 -101,000000 0,000000 0,000000
125 1631708910 1,800000 -1,000000 -101,000000 0,000000 0,000000
125 1631708911 1,800000 -1,000000 -101,000000 0,000000 0,000000
66 1631708912 3,200000 -1,000000 -101,000000 0,000000 0,000000
66 1631708913 3,200000 -1,000000 -101,000000 0,000000 0,000000
66 1631708914 0,400000 -1,000000 -101,000000 0,000000 0,000000
66 1631708915 0,400000 -1,000000 -101,000000 0,000000 0,000000
66 1631708916 0,400000 -1,000000 -101,000000 0,000000 0,000000
125 1631708912 1,800000 -1,000000 -101,000000 0,000000 0,000000
125 1631708913 1,800000 -1,000000 -101,000000 0,000000 0,000000
125 1631708914 1,800000 -1,000000 -101,000000 0,000000 0,000000
125 1631708915 1,800000 -1,000000 -101,000000 0,000000 0,000000
125 1631708916 1,800000 -1,000000 -101,000000 0,000000 0,000000
66 1631708917 0,400000 -1,000000 -101,000000 0,000000 0,000000
66 1631708918 0,400000 -1,000000 -101,000000 0,000000 0,000000
66 1631708919 2,200000 -1,000000 -101,000000 0,000000 0,000000
66 1631708920 2,200000 -1,000000 -101,000000 0,000000 0,000000
66 1631708921 2,200000 -1,000000 -101,000000 0,000000 0,000000
125 1631708917 1,800000 -1,000000 -101,000000 0,000000 0,000000
125 1631708918 1,800000 -1,000000 -101,000000 0,000000 0,000000
125 1631708919 3,800000 -1,000000 -101,000000 0,000000 0,000000
125 1631708920 3,800000 -1,000000 -101,000000 0,000000 0,000000
125 1631708921 3,800000 -1,000000 -101,000000 0,000000 0,000000
125 1631708922 3,800000 -1,000000 -101,000000 0,000000 0,000000
125 1631708923 3,800000 -1,000000 -101,000000 0,000000 0,000000
125 1631708924 1,200000 -1,000000 -101,000000 0,000000 0,000000
125 1631708925 1,200000 -1,000000 -101,000000 0,000000 0,000000
125 1631708926 1,200000 -1,000000 -101,000000 0,000000 0,000000
66 1631708922 2,200000 -1,000000 -101,000000 0,000000 0,000000
66 1631708923 2,200000 -1,000000 -101,000000 0,000000 0,000000
66 1631708929 1,600000 -1,000000 -101,000000 0,000000 0,000000
66 1631708930 1,600000 -1,000000 -101,000000 0,000000 0,000000
66 1631708931 1,600000 -1,000000 -101,000000 0,000000 0,000000
125 1631708927 1,200000 -1,000000 -101,000000 0,000000 0,000000
125 1631708928 1,200000 -1,000000 -101,000000 0,000000 0,000000
125 1631708929 1,000000 -1,000000 -101,000000 0,000000 0,000000
125 1631708930 1,000000 -1,000000 -101,000000 0,000000 0,000000
125 1631708931 1,000000 -1,000000 -101,000000 0,000000 0,000000
66 1631708932 1,600000 -1,000000 -101,000000 0,000000 0,000000
66 1631708933 1,600000 -1,000000 -101,000000 0,000000 0,000000
66 1631708934 1,000000 -1,000000 -101,000000 0,000000 0,000000
66 1631708935 1,000000 -1,000000 -101,000000 0,000000 0,000000
66 1631708936 1,000000 -1,000000 -101,000000 0,000000 0,000000
125 1631708932 1,000000 -1,000000 -101,000000 0,000000 0,000000
125 1631708933 1,000000 -1,000000 -101,000000 0,000000 0,000000
125 1631708934 0,400000 -1,000000 -101,000000 0,000000 0,000000
125 1631708935 0,400000 -1,000000 -101,000000 0,000000 0,000000
125 1631708936 0,400000 -1,000000 -101,000000 0,000000 0,000000
66 1631708937 1,000000 -1,000000 -101,000000 0,000000 0,000000
66 1631708938 1,000000 -1,000000 -101,000000 0,000000 0,000000
125 1631708937 0,400000 -1,000000 -101,000000 0,000000 0,000000
125 1631708938 0,400000 -1,000000 -101,000000 0,000000 0,000000
66 1631708969 0,600000 -1,000000 -101,000000 0,000000 0,000000
66 1631708970 0,600000 -1,000000 -101,000000 0,000000 0,000000
66 1631708971 0,600000 -1,000000 -101,000000 0,000000 0,000000
125 1631708969 1,200000 -1,000000 -101,000000 0,000000 0,000000
125 1631708970 1,200000 -1,000000 -101,000000 0,000000 0,000000
125 1631708971 1,200000 -1,000000 -101,000000 0,000000 0,000000
125 1631708972 1,200000 -1,000000 -101,000000 0,000000 0,000000
125 1631708973 1,200000 -1,000000 -101,000000 0,000000 0,000000
125 1631708974 3,200000 -1,000000 -101,000000 0,000000 0,000000
125 1631708975 3,200000 -1,000000 -101,000000 0,000000 0,000000
125 1631708976 3,200000 -1,000000 -101,000000 0,000000 0,000000
66 1631708972 0,600000 -1,000000 -101,000000 0,000000 0,000000
66 1631708973 0,600000 -1,000000 -101,000000 0,000000 0,000000
66 1631708974 1,800000 -1,000000 -101,000000 0,000000 0,000000
66 1631708975 1,800000 -1,000000 -101,000000 0,000000 0,000000
66 1631708976 1,800000 -1,000000 -101,000000 0,000000 0,000000
66 1631708977 1,800000 -1,000000 -101,000000 0,000000 0,000000
66 1631708978 1,800000 -1,000000 -101,000000 0,000000 0,000000
66 1631708979 5,200000 -1,000000 -101,000000 0,000000 0,000000
66 1631708980 5,200000 -1,000000 -101,000000 0,000000 0,000000
66 1631708981 5,200000 -1,000000 -101,000000 0,000000 0,000000
125 1631708977 3,200000 -1,000000 -101,000000 0,000000 0,000000
125 1631708978 3,200000 -1,000000 -101,000000 0,000000 0,000000
125 1631708979 1,600000 -1,000000 -101,000000 0,000000 0,000000
125 1631708980 1,600000 -1,000000 -101,000000 0,000000 0,000000
125 1631708981 1,600000 -1,000000 -101,000000 0,000000 0,000000
125 1631708982 1,600000 -1,000000 -101,000000 0,000000 0,000000
125 1631708983 1,600000 -1,000000 -101,000000 0,000000 0,000000
125 1631708984 3,000000 -1,000000 -101,000000 0,000000 0,000000
125 1631708985 3,000000 -1,000000 -101,000000 0,000000 0,000000
125 1631708986 3,000000 -1,000000 -101,000000 0,000000 0,000000
66 1631708982 5,200000 -1,000000 -101,000000 0,000000 0,000000
66 1631708983 5,200000 -1,000000 -101,000000 0,000000 0,000000
66 1631708989 3,600000 -1,000000 -101,000000 0,000000 0,000000
66 1631708990 3,600000 -1,000000 -101,000000 0,000000 0,000000
66 1631708991 3,600000 -1,000000 -101,000000 0,000000 0,000000
125 1631708987 3,000000 -1,000000 -101,000000 0,000000 0,000000
125 1631708988 3,000000 -1,000000 -101,000000 0,000000 0,000000
125 1631708989 0,800000 -1,000000 -101,000000 0,000000 0,000000
125 1631708990 0,800000 -1,000000 -101,000000 0,000000 0,000000
125 1631708991 0,800000 -1,000000 -101,000000 0,000000 0,000000
125 1631708992 0,800000 -1,000000 -101,000000 0,000000 0,000000
125 1631708993 0,800000 -1,000000 -101,000000 0,000000 0,000000
125 1631708994 2,000000 -1,000000 -101,000000 0,000000 0,000000
125 1631708995 2,000000 -1,000000 -101,000000 0,000000 0,000000
125 1631708996 2,000000 -1,000000 -101,000000 0,000000 0,000000
66 1631708992 3,600000 -1,000000 -101,000000 0,000000 0,000000
66 1631708993 3,600000 -1,000000 -101,000000 0,000000 0,000000
66 1631708994 0,400000 -1,000000 -101,000000 0,000000 0,000000
66 1631708995 0,400000 -1,000000 -101,000000 0,000000 0,000000
66 1631708996 0,400000 -1,000000 -101,000000 0,000000 0,000000
66 1631708997 0,400000 -1,000000 -101,000000 0,000000 0,000000
66 1631708998 0,400000 -1,000000 -101,000000 0,000000 0,000000
125 1631708997 2,000000 -1,000000 -101,000000 0,000000 0,000000
125 1631708998 2,000000 -1,000000 -101,000000 0,000000 0,000000
66 1631709009 0,600000 -1,000000 -101,000000 0,000000 0,000000
66 1631709010 0,600000 -1,000000 -101,000000 0,000000 0,000000
66 1631709011 0,600000 -1,000000 -101,000000 0,000000 0,000000
66 1631709012 0,600000 -1,000000 -101,000000 0,000000 0,000000
66 1631709013 0,600000 -1,000000 -101,000000 0,000000 0,000000
125 1631709009 1,000000 -1,000000 -101,000000 0,000000 0,000000
125 1631709010 1,000000 -1,000000 -101,000000 0,000000 0,000000
125 1631709011 1,000000 -1,000000 -101,000000 0,000000 0,000000
125 1631709012 1,000000 -1,000000 -101,000000 0,000000 0,000000
125 1631709013 1,000000 -1,000000 -101,000000 0,000000 0,000000
66 1631709019 1,000000 -1,000000 -101,000000 0,000000 0,000000
66 1631709020 1,000000 -1,000000 -101,000000 0,000000 0,000000
66 1631709021 1,000000 -1,000000 -101,000000 0,000000 0,000000
125 1631709019 0,400000 -1,000000 -101,000000 0,000000 0,000000
125 1631709020 0,400000 -1,000000 -101,000000 0,000000 0,000000
125 1631709021 0,400000 -1,000000 -101,000000 0,000000 0,000000
66 1631709022 1,000000 -1,000000 -101,000000 0,000000 0,000000
66 1631709023 1,000000 -1,000000 -101,000000 0,000000 0,000000
125 1631709022 0,400000 -1,000000 -101,000000 0,000000 0,000000
125 1631709023 0,400000 -1,000000 -101,000000 0,000000 0,000000
66 1631709029 1,000000 -1,000000 -101,000000 0,000000 0,000000
66 1631709030 1,000000 -1,000000 -101,000000 0,000000 0,000000
66 1631709031 1,000000 -1,000000 -101,000000 0,000000 0,000000
125 1631709029 1,000000 -1,000000 -101,000000 0,000000 0,000000
125 1631709030 1,000000 -1,000000 -101,000000 0,000000 0,000000
125 1631709031 1,000000 -1,000000 -101,000000 0,000000 0,000000
66 1631709032 1,000000 -1,000000 -101,000000 0,000000 0,000000
66 1631709033 1,000000 -1,000000 -101,000000 0,000000 0,000000
66 1631709039 1,200000 -1,000000 -101,000000 0,000000 0,000000
66 1631709040 1,200000 -1,000000 -101,000000 0,000000 0,000000
66 1631709041 1,200000 -1,000000 -101,000000 0,000000 0,000000
125 1631709032 1,000000 -1,000000 -101,000000 0,000000 0,000000
125 1631709033 1,000000 -1,000000 -101,000000 0,000000 0,000000
125 1631709034 1,000000 -1,000000 -101,000000 0,000000 0,000000
125 1631709035 1,000000 -1,000000 -101,000000 0,000000 0,000000
125 1631709036 1,000000 -1,000000 -101,000000 0,000000 0,000000
125 1631709037 1,000000 -1,000000 -101,000000 0,000000 0,000000
125 1631709038 1,000000 -1,000000 -101,000000 0,000000 0,000000
66 1631709042 1,200000 -1,000000 -101,000000 0,000000 0,000000
66 1631709043 1,200000 -1,000000 -101,000000 0,000000 0,000000
66 1631709049 4,000000 -1,000000 -101,000000 0,000000 0,000000
66 1631709050 4,000000 -1,000000 -101,000000 0,000000 0,000000
66 1631709051 4,000000 -1,000000 -101,000000 0,000000 0,000000
66 1631709052 4,000000 -1,000000 -101,000000 0,000000 0,000000
66 1631709053 4,000000 -1,000000 -101,000000 0,000000 0,000000
125 1631709044 1,800000 -1,000000 -101,000000 0,000000 0,000000
125 1631709045 1,800000 -1,000000 -101,000000 0,000000 0,000000
125 1631709046 1,800000 -1,000000 -101,000000 0,000000 0,000000
125 1631709047 1,800000 -1,000000 -101,000000 0,000000 0,000000
125 1631709048 1,800000 -1,000000 -101,000000 0,000000 0,000000
125 1631709049 1,200000 -1,000000 -101,000000 0,000000 0,000000
125 1631709050 1,200000 -1,000000 -101,000000 0,000000 0,000000
125 1631709051 1,200000 -1,000000 -101,000000 0,000000 0,000000
125 1631709052 1,200000 -1,000000 -101,000000 0,000000 0,000000
125 1631709053 1,200000 -1,000000 -101,000000 0,000000 0,000000
125 1631709054 2,800000 -1,000000 -101,000000 0,000000 0,000000
125 1631709055 2,800000 -1,000000 -101,000000 0,000000 0,000000
125 1631709056 2,800000 -1,000000 -101,000000 0,000000 0,000000
66 1631709059 2,200000 -1,000000 -101,000000 0,000000 0,000000
66 1631709060 2,200000 -1,000000 -101,000000 0,000000 0,000000
66 1631709061 2,200000 -1,000000 -101,000000 0,000000 0,000000
66 1631709062 2,200000 -1,000000 -101,000000 0,000000 0,000000
66 1631709063 2,200000 -1,000000 -101,000000 0,000000 0,000000
125 1631709057 2,800000 -1,000000 -101,000000 0,000000 0,000000
125 1631709058 2,800000 -1,000000 -101,000000 0,000000 0,000000
125 1631709059 0,400000 -1,000000 -101,000000 0,000000 0,000000
125 1631709060 0,400000 -1,000000 -101,000000 0,000000 0,000000
125 1631709061 0,400000 -1,000000 -101,000000 0,000000 0,000000
125 1631709062 0,400000 -1,000000 -101,000000 0,000000 0,000000
125 1631709063 0,400000 -1,000000 -101,000000 0,000000 0,000000
66 1631709074 2,400000 -1,000000 -101,000000 0,000000 0,000000
66 1631709075 2,400000 -1,000000 -101,000000 0,000000 0,000000
66 1631709076 2,400000 -1,000000 -101,000000 0,000000 0,000000
125 1631709074 0,800000 -1,000000 -101,000000 0,000000 0,000000
125 1631709075 0,800000 -1,000000 -101,000000 0,000000 0,000000
125 1631709076 0,800000 -1,000000 -101,000000 0,000000 0,000000
66 1631709077 2,400000 -1,000000 -101,000000 0,000000 0,000000
66 1631709078 2,400000 -1,000000 -101,000000 0,000000 0,000000
66 1631709079 0,400000 -1,000000 -101,000000 0,000000 0,000000
66 1631709080 0,400000 -1,000000 -101,000000 0,000000 0,000000
66 1631709081 0,400000 -1,000000 -101,000000 0,000000 0,000000
125 1631709077 0,800000 -1,000000 -101,000000 0,000000 0,000000
125 1631709078 0,800000 -1,000000 -101,000000 0,000000 0,000000
125 1631709079 2,000000 -1,000000 -101,000000 0,000000 0,000000
125 1631709080 2,000000 -1,000000 -101,000000 0,000000 0,000000
125 1631709081 2,000000 -1,000000 -101,000000 0,000000 0,000000
125 1631709082 2,000000 -1,000000 -101,000000 0,000000 0,000000
125 1631709083 2,000000 -1,000000 -101,000000 0,000000 0,000000
125 1631709084 1,000000 -1,000000 -101,000000 0,000000 0,000000
125 1631709085 1,000000 -1,000000 -101,000000 0,000000 0,000000
125 1631709086 1,000000 -1,000000 -101,000000 0,000000 0,000000
66 1631709082 0,400000 -1,000000 -101,000000 0,000000 0,000000
66 1631709083 0,400000 -1,000000 -101,000000 0,000000 0,000000
66 1631709084 1,200000 -1,000000 -101,000000 0,000000 0,000000
66 1631709085 1,200000 -1,000000 -101,000000 0,000000 0,000000
66 1631709086 1,200000 -1,000000 -101,000000 0,000000 0,000000
66 1631709087 1,200000 -1,000000 -101,000000 0,000000 0,000000
66 1631709088 1,200000 -1,000000 -101,000000 0,000000 0,000000
66 1631709089 0,600000 -1,000000 -101,000000 0,000000 0,000000
66 1631709090 0,600000 -1,000000 -101,000000 0,000000 0,000000
66 1631709091 0,600000 -1,000000 -101,000000 0,000000 0,000000
125 1631709087 1,000000 -1,000000 -101,000000 0,000000 0,000000
125 1631709088 1,000000 -1,000000 -101,000000 0,000000 0,000000
125 1631709089 1,200000 -1,000000 -101,000000 0,000000 0,000000
125 1631709090 1,200000 -1,000000 -101,000000 0,000000 0,000000
125 1631709091 1,200000 -1,000000 -101,000000 0,000000 0,000000
125 1631709092 1,200000 -1,000000 -101,000000 0,000000 0,000000
125 1631709093 1,200000 -1,000000 -101,000000 0,000000 0,000000
66 1631709092 0,600000 -1,000000 -101,000000 0,000000 0,000000
66 1631709093 0,600000 -1,000000 -101,000000 0,000000 0,000000
66 1631709099 0,800000 -1,000000 -101,000000 0,000000 0,000000
66 1631709100 0,800000 -1,000000 -101,000000 0,000000 0,000000
66 1631709101 0,800000 -1,000000 -101,000000 0,000000 0,000000
66 1631709102 0,800000 -1,000000 -101,000000 0,000000 0,000000
66 1631709103 0,800000 -1,000000 -101,000000 0,000000 0,000000
125 1631709099 0,400000 -1,000000 -101,000000 0,000000 0,000000
125 1631709100 0,400000 -1,000000 -101,000000 0,000000 0,000000
125 1631709101 0,400000 -1,000000 -101,000000 0,000000 0,000000
125 1631709102 0,400000 -1,000000 -101,000000 0,000000 0,000000
125 1631709103 0,400000 -1,000000 -101,000000 0,000000 0,000000
66 1631709114 3,200000 -1,000000 -101,000000 0,000000 0,000000
66 1631709115 3,200000 -1,000000 -101,000000 0,000000 0,000000
66 1631709116 3,200000 -1,000000 -101,000000 0,000000 0,000000
66 1631709117 3,200000 -1,000000 -101,000000 0,000000 0,000000
125 1631709114 1,800000 -1,000000 -101,000000 0,000000 0,000000
125 1631709115 1,800000 -1,000000 -101,000000 0,000000 0,000000
125 1631709116 1,800000 -1,000000 -101,000000 0,000000 0,000000
125 1631709117 1,800000 -1,000000 -101,000000 0,000000 0,000000
66 1631709118 3,200000 -1,000000 -101,000000 0,000000 0,000000
125 1631709118 1,800000 -1,000000 -101,000000 0,000000 0,000000
66 1631709124 1,200000 -1,000000 -101,000000 0,000000 0,000000
66 1631709125 1,200000 -1,000000 -101,000000 0,000000 0,000000
66 1631709126 1,200000 -1,000000 -101,000000 0,000000 0,000000
66 1631709127 1,200000 -1,000000 -101,000000 0,000000 0,000000
125 1631709124 2,600000 -1,000000 -101,000000 0,000000 0,000000
125 1631709125 2,600000 -1,000000 -101,000000 0,000000 0,000000
125 1631709126 2,600000 -1,000000 -101,000000 0,000000 0,000000
125 1631709127 2,600000 -1,000000 -101,000000 0,000000 0,000000
66 1631709128 1,200000 -1,000000 -101,000000 0,000000 0,000000
66 1631709134 0,600000 -1,000000 -101,000000 0,000000 0,000000
66 1631709135 0,600000 -1,000000 -101,000000 0,000000 0,000000
66 1631709136 0,600000 -1,000000 -101,000000 0,000000 0,000000
66 1631709137 0,600000 -1,000000 -101,000000 0,000000 0,000000
125 1631709128 2,600000 -1,000000 -101,000000 0,000000 0,000000
125 1631709134 1,000000 -1,000000 -101,000000 0,000000 0,000000
125 1631709135 1,000000 -1,000000 -101,000000 0,000000 0,000000
125 1631709136 1,000000 -1,000000 -101,000000 0,000000 0,000000
125 1631709137 1,000000 -1,000000 -101,000000 0,000000 0,000000
66 1631709138 0,600000 -1,000000 -101,000000 0,000000 0,000000
66 1631709139 2,000000 -1,000000 -101,000000 0,000000 0,000000
66 1631709140 2,000000 -1,000000 -101,000000 0,000000 0,000000
66 1631709141 2,000000 -1,000000 -101,000000 0,000000 0,000000
66 1631709142 2,000000 -1,000000 -101,000000 0,000000 0,000000
66 1631709143 2,000000 -1,000000 -101,000000 0,000000 0,000000
66 1631709149 3,000000 -1,000000 -101,000000 0,000000 0,000000
66 1631709150 3,000000 -1,000000 -101,000000 0,000000 0,000000
66 1631709151 3,000000 -1,000000 -101,000000 0,000000 0,000000
66 1631709152 3,000000 -1,000000 -101,000000 0,000000 0,000000
66 1631709153 3,000000 -1,000000 -101,000000 0,000000 0,000000
125 1631709138 1,000000 -1,000000 -101,000000 0,000000 0,000000
125 1631709139 1,600000 -1,000000 -101,000000 0,000000 0,000000
125 1631709140 1,600000 -1,000000 -101,000000 0,000000 0,000000
125 1631709141 1,600000 -1,000000 -101,000000 0,000000 0,000000
125 1631709142 1,600000 -1,000000 -101,000000 0,000000 0,000000
125 1631709143 1,600000 -1,000000 -101,000000 0,000000 0,000000
125 1631709144 1,600000 -1,000000 -101,000000 0,000000 0,000000
125 1631709145 1,600000 -1,000000 -101,000000 0,000000 0,000000
125 1631709146 1,600000 -1,000000 -101,000000 0,000000 0,000000
125 1631709147 1,600000 -1,000000 -101,000000 0,000000 0,000000
125 1631709148 1,600000 -1,000000 -101,000000 0,000000 0,000000
125 1631709149 1,200000 -1,000000 -101,000000 0,000000 0,000000
125 1631709150 1,200000 -1,000000 -101,000000 0,000000 0,000000
125 1631709151 1,200000 -1,000000 -101,000000 0,000000 0,000000
125 1631709152 1,200000 -1,000000 -101,000000 0,000000 0,000000
125 1631709153 1,200000 -1,000000 -101,000000 0,000000 0,000000
125 1631709154 1,200000 -1,000000 -101,000000 0,000000 0,000000
125 1631709155 1,200000 -1,000000 -101,000000 0,000000 0,000000
125 1631709156 1,200000 -1,000000 -101,000000 0,000000 0,000000
125 1631709157 1,200000 -1,000000 -101,000000 0,000000 0,000000
66 1631709159 2,000000 -1,000000 -101,000000 0,000000 0,000000
66 1631709160 2,000000 -1,000000 -101,000000 0,000000 0,000000
66 1631709161 2,000000 -1,000000 -101,000000 0,000000 0,000000
66 1631709162 2,000000 -1,000000 -101,000000 0,000000 0,000000
66 1631709163 2,000000 -1,000000 -101,000000 0,000000 0,000000
66 1631709164 0,400000 -1,000000 -101,000000 0,000000 0,000000
66 1631709165 0,400000 -1,000000 -101,000000 0,000000 0,000000
66 1631709166 0,400000 -1,000000 -101,000000 0,000000 0,000000
66 1631709167 0,400000 -1,000000 -101,000000 0,000000 0,000000
125 1631709158 1,200000 -1,000000 -101,000000 0,000000 0,000000
125 1631709164 1,600000 -1,000000 -101,000000 0,000000 0,000000
125 1631709165 1,600000 -1,000000 -101,000000 0,000000 0,000000
125 1631709166 1,600000 -1,000000 -101,000000 0,000000 0,000000
125 1631709167 1,600000 -1,000000 -101,000000 0,000000 0,000000
125 1631709168 1,600000 -1,000000 -101,000000 0,000000 0,000000
125 1631709174 1,200000 -1,000000 -101,000000 0,000000 0,000000
125 1631709175 1,200000 -1,000000 -101,000000 0,000000 0,000000
125 1631709176 1,200000 -1,000000 -101,000000 0,000000 0,000000
125 1631709177 1,200000 -1,000000 -101,000000 0,000000 0,000000
125 1631709178 1,200000 -1,000000 -101,000000 0,000000 0,000000
125 1631709179 0,400000 -1,000000 -101,000000 0,000000 0,000000
125 1631709180 0,400000 -1,000000 -101,000000 0,000000 0,000000
125 1631709181 0,400000 -1,000000 -101,000000 0,000000 0,000000
125 1631709182 0,400000 -1,000000 -101,000000 0,000000 0,000000
66 1631709168 0,400000 -1,000000 -101,000000 0,000000 0,000000
66 1631709174 0,600000 -1,000000 -101,000000 0,000000 0,000000
66 1631709175 0,600000 -1,000000 -101,000000 0,000000 0,000000
66 1631709176 0,600000 -1,000000 -101,000000 0,000000 0,000000
66 1631709177 0,600000 -1,000000 -101,000000 0,000000 0,000000
66 1631709178 0,600000 -1,000000 -101,000000 0,000000 0,000000
66 1631709179 1,000000 -1,000000 -101,000000 0,000000 0,000000
66 1631709180 1,000000 -1,000000 -101,000000 0,000000 0,000000
66 1631709181 1,000000 -1,000000 -101,000000 0,000000 0,000000
66 1631709182 1,000000 -1,000000 -101,000000 0,000000 0,000000
66 1631709183 1,000000 -1,000000 -101,000000 0,000000 0,000000
66 1631709184 3,400000 -1,000000 -101,000000 0,000000 0,000000
66 1631709185 3,400000 -1,000000 -101,000000 0,000000 0,000000
66 1631709186 3,400000 -1,000000 -101,000000 0,000000 0,000000
66 1631709187 3,400000 -1,000000 -101,000000 0,000000 0,000000
66 1631709188 3,400000 -1,000000 -101,000000 0,000000 0,000000
125 1631709183 0,400000 -1,000000 -101,000000 0,000000 0,000000
125 1631709184 1,800000 -1,000000 -101,000000 0,000000 0,000000
125 1631709185 1,800000 -1,000000 -101,000000 0,000000 0,000000
125 1631709186 1,800000 -1,000000 -101,000000 0,000000 0,000000
125 1631709187 1,800000 -1,000000 -101,000000 0,000000 0,000000
125 1631709188 1,800000 -1,000000 -101,000000 0,000000 0,000000
66 1631709194 2,400000 -1,000000 -101,000000 0,000000 0,000000
66 1631709195 2,400000 -1,000000 -101,000000 0,000000 0,000000
66 1631709196 2,400000 -1,000000 -101,000000 0,000000 0,000000
66 1631709197 2,400000 -1,000000 -101,000000 0,000000 0,000000
125 1631709194 3,800000 -1,000000 -101,000000 0,000000 0,000000
125 1631709195 3,800000 -1,000000 -101,000000 0,000000 0,000000
125 1631709196 3,800000 -1,000000 -101,000000 0,000000 0,000000
125 1631709197 3,800000 -1,000000 -101,000000 0,000000 0,000000
66 1631709198 2,400000 -1,000000 -101,000000 0,000000 0,000000
125 1631709198 3,800000 -1,000000 -101,000000 0,000000 0,000000
66 1631709214 0,600000 -1,000000 -101,000000 0,000000 0,000000
66 1631709215 0,600000 -1,000000 -101,000000 0,000000 0,000000
66 1631709216 0,600000 -1,000000 -101,000000 0,000000 0,000000
66 1631709217 0,600000 -1,000000 -101,000000 0,000000 0,000000
66 1631709218 0,600000 -1,000000 -101,000000 0,000000 0,000000
66 1631709224 0,800000 -1,000000 -101,000000 0,000000 0,000000
66 1631709225 0,800000 -1,000000 -101,000000 0,000000 0,000000
66 1631709226 0,800000 -1,000000 -101,000000 0,000000 0,000000
66 1631709227 0,800000 -1,000000 -101,000000 0,000000 0,000000
66 1631709228 0,800000 -1,000000 -101,000000 0,000000 0,000000
125 1631709214 1,200000 -1,000000 -101,000000 0,000000 0,000000
125 1631709215 1,200000 -1,000000 -101,000000 0,000000 0,000000
125 1631709216 1,200000 -1,000000 -101,000000 0,000000 0,000000
125 1631709217 1,200000 -1,000000 -101,000000 0,000000 0,000000
125 1631709218 1,200000 -1,000000 -101,000000 0,000000 0,000000
125 1631709224 0,400000 -1,000000 -101,000000 0,000000 0,000000
125 1631709225 0,400000 -1,000000 -101,000000 0,000000 0,000000
125 1631709226 0,400000 -1,000000 -101,000000 0,000000 0,000000
125 1631709227 0,400000 -1,000000 -101,000000 0,000000 0,000000
125 1631709228 0,400000 -1,000000 -101,000000 0,000000 0,000000
66 1631709244 2,000000 -1,000000 -101,000000 0,000000 0,000000
66 1631709245 2,000000 -1,000000 -101,000000 0,000000 0,000000
66 1631709246 2,000000 -1,000000 -101,000000 0,000000 0,000000
66 1631709247 2,000000 -1,000000 -101,000000 0,000000 0,000000
125 1631709239 0,800000 -1,000000 -101,000000 0,000000 0,000000
125 1631709240 0,800000 -1,000000 -101,000000 0,000000 0,000000
125 1631709241 0,800000 -1,000000 -101,000000 0,000000 0,000000
125 1631709242 0,800000 -1,000000 -101,000000 0,000000 0,000000
125 1631709243 0,800000 -1,000000 -101,000000 0,000000 0,000000
125 1631709249 2,800000 -1,000000 -101,000000 0,000000 0,000000
125 1631709250 2,800000 -1,000000 -101,000000 0,000000 0,000000
125 1631709251 2,800000 -1,000000 -101,000000 0,000000 0,000000
125 1631709252 2,800000 -1,000000 -101,000000 0,000000 0,000000
66 1631709248 2,000000 -1,000000 -101,000000 0,000000 0,000000
66 1631709249 1,600000 -1,000000 -101,000000 0,000000 0,000000
66 1631709250 1,600000 -1,000000 -101,000000 0,000000 0,000000
66 1631709251 1,600000 -1,000000 -101,000000 0,000000 0,000000
66 1631709252 1,600000 -1,000000 -101,000000 0,000000 0,000000
66 1631709253 1,600000 -1,000000 -101,000000 0,000000 0,000000
66 1631709254 4,000000 -1,000000 -101,000000 0,000000 0,000000
66 1631709255 4,000000 -1,000000 -101,000000 0,000000 0,000000
66 1631709256 4,000000 -1,000000 -101,000000 0,000000 0,000000
66 1631709257 4,000000 -1,000000 -101,000000 0,000000 0,000000
125 1631709253 2,800000 -1,000000 -101,000000 0,000000 0,000000
125 1631709254 2,800000 -1,000000 -101,000000 0,000000 0,000000
125 1631709255 2,800000 -1,000000 -101,000000 0,000000 0,000000
125 1631709256 2,800000 -1,000000 -101,000000 0,000000 0,000000
125 1631709257 2,800000 -1,000000 -101,000000 0,000000 0,000000
125 1631709258 2,800000 -1,000000 -101,000000 0,000000 0,000000
125 1631709259 1,000000 -1,000000 -101,000000 0,000000 0,000000
125 1631709260 1,000000 -1,000000 -101,000000 0,000000 0,000000
125 1631709261 1,000000 -1,000000 -101,000000 0,000000 0,000000
125 1631709262 1,000000 -1,000000 -101,000000 0,000000 0,000000
66 1631709258 4,000000 -1,000000 -101,000000 0,000000 0,000000
66 1631709259 1,000000 -1,000000 -101,000000 0,000000 0,000000
66 1631709260 1,000000 -1,000000 -101,000000 0,000000 0,000000
66 1631709261 1,000000 -1,000000 -101,000000 0,000000 0,000000
66 1631709262 1,000000 -1,000000 -101,000000 0,000000 0,000000
66 1631709263 1,000000 -1,000000 -101,000000 0,000000 0,000000
66 1631709264 2,000000 -1,000000 -101,000000 0,000000 0,000000
66 1631709265 2,000000 -1,000000 -101,000000 0,000000 0,000000
66 1631709266 2,000000 -1,000000 -101,000000 0,000000 0,000000
66 1631709267 2,000000 -1,000000 -101,000000 0,000000 0,000000
125 1631709263 1,000000 -1,000000 -101,000000 0,000000 0,000000
125 1631709264 3,200000 -1,000000 -101,000000 0,000000 0,000000
125 1631709265 3,200000 -1,000000 -101,000000 0,000000 0,000000
125 1631709266 3,200000 -1,000000 -101,000000 0,000000 0,000000
125 1631709267 3,200000 -1,000000 -101,000000 0,000000 0,000000
125 1631709268 3,200000 -1,000000 -101,000000 0,000000 0,000000
66 1631709268 2,000000 -1,000000 -101,000000 0,000000 0,000000
125 1631709338 2,800000 -1,000000 2,800000 2,800000 0,000000
125 1631709337 2,800000 -1,000000 2,800000 2,800000 0,000000
125 1631709336 2,800000 -1,000000 2,800000 2,800000 0,000000
125 1631709335 2,800000 -1,000000 2,800000 2,800000 0,000000
125 1631709334 2,800000 -1,000000 2,800000 2,800000 0,000000
125 1631709333 2,000000 -1,000000 2,000000 2,000000 0,000000
125 1631709332 2,000000 -1,000000 2,000000 2,000000 0,000000
125 1631709331 2,000000 -1,000000 2,000000 2,000000 0,000000
125 1631709330 2,000000 -1,000000 2,000000 2,000000 0,000000
125 1631709329 2,000000 -1,000000 2,000000 2,000000 0,000000
125 1631709328 0,800000 -1,000000 0,800000 0,800000 0,000000
125 1631709327 0,800000 -1,000000 0,800000 0,800000 0,000000
125 1631709326 0,800000 -1,000000 0,800000 0,800000 0,000000
125 1631709325 0,800000 -1,000000 0,800000 0,800000 0,000000
125 1631709324 0,800000 -1,000000 0,800000 0,800000 0,000000
125 1631709323 2,400000 -1,000000 2,400000 2,400000 0,000000
125 1631709322 2,400000 -1,000000 2,400000 2,400000 0,000000
125 1631709321 2,400000 -1,000000 2,400000 2,400000 0,000000
125 1631709320 2,400000 -1,000000 2,400000 2,400000 0,000000
125 1631709319 2,400000 -1,000000 2,400000 2,400000 0,000000
125 1631709313 1,600000 -1,000000 1,600000 1,600000 0,000000
125 1631709312 1,600000 -1,000000 1,600000 1,600000 0,000000
125 1631709311 1,600000 -1,000000 1,600000 1,600000 0,000000
125 1631709310 1,600000 -1,000000 1,600000 1,600000 0,000000
125 1631709309 1,600000 -1,000000 1,600000 1,600000 0,000000
125 1631709308 1,600000 -1,000000 1,600000 1,600000 0,000000
125 1631709307 1,600000 -1,000000 1,600000 1,600000 0,000000
125 1631709306 1,600000 -1,000000 1,600000 1,600000 0,000000
125 1631709305 1,600000 -1,000000 1,600000 1,600000 0,000000
125 1631709304 1,600000 -1,000000 1,600000 1,600000 0,000000
125 1631709298 1,000000 -1,000000 1,000000 1,000000 0,000000
125 1631709297 1,000000 -1,000000 1,000000 1,000000 0,000000
125 1631709296 1,000000 -1,000000 1,000000 1,000000 0,000000
125 1631709295 1,000000 -1,000000 1,000000 1,000000 0,000000
125 1631709294 1,000000 -1,000000 1,000000 1,000000 0,000000
66 1631709338 1,600000 -1,000000 1,600000 1,600000 0,000000
66 1631709337 1,600000 -1,000000 1,600000 1,600000 0,000000
66 1631709336 1,600000 -1,000000 1,600000 1,600000 0,000000
66 1631709335 1,600000 -1,000000 1,600000 1,600000 0,000000
66 1631709334 1,600000 -1,000000 1,600000 1,600000 0,000000
66 1631709328 5,800000 -1,000000 5,800000 5,800000 0,000000
66 1631709327 5,800000 -1,000000 5,800000 5,800000 0,000000
66 1631709326 5,800000 -1,000000 5,800000 5,800000 0,000000
66 1631709325 5,800000 -1,000000 5,800000 5,800000 0,000000
66 1631709324 5,800000 -1,000000 5,800000 5,800000 0,000000
66 1631709318 2,200000 -1,000000 2,200000 2,200000 0,000000
66 1631709317 2,200000 -1,000000 2,200000 2,200000 0,000000
66 1631709316 2,200000 -1,000000 2,200000 2,200000 0,000000
66 1631709315 2,200000 -1,000000 2,200000 2,200000 0,000000
66 1631709314 2,200000 -1,000000 2,200000 2,200000 0,000000
66 1631709308 2,000000 -1,000000 2,000000 2,000000 0,000000
66 1631709307 2,000000 -1,000000 2,000000 2,000000 0,000000
66 1631709306 2,000000 -1,000000 2,000000 2,000000 0,000000
66 1631709305 2,000000 -1,000000 2,000000 2,000000 0,000000
66 1631709304 2,000000 -1,000000 2,000000 2,000000 0,000000
66 1631709298 0,600000 -1,000000 0,600000 0,600000 0,000000
66 1631709297 0,600000 -1,000000 0,600000 0,600000 0,000000
66 1631709296 0,600000 -1,000000 0,600000 0,600000 0,000000
66 1631709295 0,600000 -1,000000 0,600000 0,600000 0,000000
66 1631709294 0,600000 -1,000000 0,600000 0,600000 0,000000
66 1631709294 0,600000 -1,000000 -101,000000 0,000000 0,000000
66 1631709295 0,600000 -1,000000 -101,000000 0,000000 0,000000
66 1631709296 0,600000 -1,000000 -101,000000 0,000000 0,000000
66 1631709297 0,600000 -1,000000 -101,000000 0,000000 0,000000
66 1631709298 0,600000 -1,000000 -101,000000 0,000000 0,000000
125 1631709294 1,000000 -1,000000 -101,000000 0,000000 0,000000
125 1631709295 1,000000 -1,000000 -101,000000 0,000000 0,000000
125 1631709296 1,000000 -1,000000 -101,000000 0,000000 0,000000
125 1631709297 1,000000 -1,000000 -101,000000 0,000000 0,000000
125 1631709298 1,000000 -1,000000 -101,000000 0,000000 0,000000
125 1631709304 1,600000 -1,000000 -101,000000 0,000000 0,000000
125 1631709305 1,600000 -1,000000 -101,000000 0,000000 0,000000
125 1631709306 1,600000 -1,000000 -101,000000 0,000000 0,000000
125 1631709307 1,600000 -1,000000 -101,000000 0,000000 0,000000
125 1631709308 1,600000 -1,000000 -101,000000 0,000000 0,000000
125 1631709309 1,600000 -1,000000 -101,000000 0,000000 0,000000
125 1631709310 1,600000 -1,000000 -101,000000 0,000000 0,000000
125 1631709311 1,600000 -1,000000 -101,000000 0,000000 0,000000
125 1631709312 1,600000 -1,000000 -101,000000 0,000000 0,000000
66 1631709304 2,000000 -1,000000 -101,000000 0,000000 0,000000
66 1631709305 2,000000 -1,000000 -101,000000 0,000000 0,000000
66 1631709306 2,000000 -1,000000 -101,000000 0,000000 0,000000
66 1631709307 2,000000 -1,000000 -101,000000 0,000000 0,000000
66 1631709308 2,000000 -1,000000 -101,000000 0,000000 0,000000
66 1631709314 2,200000 -1,000000 -101,000000 0,000000 0,000000
66 1631709315 2,200000 -1,000000 -101,000000 0,000000 0,000000
66 1631709316 2,200000 -1,000000 -101,000000 0,000000 0,000000
66 1631709317 2,200000 -1,000000 -101,000000 0,000000 0,000000
125 1631709313 1,600000 -1,000000 -101,000000 0,000000 0,000000
125 1631709319 2,400000 -1,000000 -101,000000 0,000000 0,000000
125 1631709320 2,400000 -1,000000 -101,000000 0,000000 0,000000
125 1631709321 2,400000 -1,000000 -101,000000 0,000000 0,000000
125 1631709322 2,400000 -1,000000 -101,000000 0,000000 0,000000
125 1631709323 2,400000 -1,000000 -101,000000 0,000000 0,000000
125 1631709324 0,800000 -1,000000 -101,000000 0,000000 0,000000
125 1631709325 0,800000 -1,000000 -101,000000 0,000000 0,000000
125 1631709326 0,800000 -1,000000 -101,000000 0,000000 0,000000
125 1631709327 0,800000 -1,000000 -101,000000 0,000000 0,000000
125 1631709328 0,800000 -1,000000 -101,000000 0,000000 0,000000
125 1631709329 2,000000 -1,000000 -101,000000 0,000000 0,000000
125 1631709330 2,000000 -1,000000 -101,000000 0,000000 0,000000
125 1631709331 2,000000 -1,000000 -101,000000 0,000000 0,000000
125 1631709332 2,000000 -1,000000 -101,000000 0,000000 0,000000
66 1631709318 2,200000 -1,000000 -101,000000 0,000000 0,000000
66 1631709324 5,800000 -1,000000 -101,000000 0,000000 0,000000
66 1631709325 5,800000 -1,000000 -101,000000 0,000000 0,000000
66 1631709326 5,800000 -1,000000 -101,000000 0,000000 0,000000
66 1631709327 5,800000 -1,000000 -101,000000 0,000000 0,000000
66 1631709328 5,800000 -1,000000 -101,000000 0,000000 0,000000
66 1631709334 1,600000 -1,000000 -101,000000 0,000000 0,000000
66 1631709335 1,600000 -1,000000 -101,000000 0,000000 0,000000
66 1631709336 1,600000 -1,000000 -101,000000 0,000000 0,000000
66 1631709337 1,600000 -1,000000 -101,000000 0,000000 0,000000
125 1631709333 2,000000 -1,000000 -101,000000 0,000000 0,000000
125 1631709334 2,800000 -1,000000 -101,000000 0,000000 0,000000
125 1631709335 2,800000 -1,000000 -101,000000 0,000000 0,000000
125 1631709336 2,800000 -1,000000 -101,000000 0,000000 0,000000
125 1631709337 2,800000 -1,000000 -101,000000 0,000000 0,000000
125 1631709338 2,800000 -1,000000 -101,000000 0,000000 0,000000
125 1631709339 1,200000 -1,000000 -101,000000 0,000000 0,000000
125 1631709340 1,200000 -1,000000 -101,000000 0,000000 0,000000
125 1631709341 1,200000 -1,000000 -101,000000 0,000000 0,000000
125 1631709342 1,200000 -1,000000 -101,000000 0,000000 0,000000
66 1631709338 1,600000 -1,000000 -101,000000 0,000000 0,000000
66 1631709339 0,600000 -1,000000 -101,000000 0,000000 0,000000
66 1631709340 0,600000 -1,000000 -101,000000 0,000000 0,000000
66 1631709341 0,600000 -1,000000 -101,000000 0,000000 0,000000
66 1631709342 0,600000 -1,000000 -101,000000 0,000000 0,000000
66 1631709343 0,600000 -1,000000 -101,000000 0,000000 0,000000
66 1631709344 0,800000 -1,000000 -101,000000 0,000000 0,000000
66 1631709345 0,800000 -1,000000 -101,000000 0,000000 0,000000
66 1631709346 0,800000 -1,000000 -101,000000 0,000000 0,000000
66 1631709347 0,800000 -1,000000 -101,000000 0,000000 0,000000
125 1631709343 1,200000 -1,000000 -101,000000 0,000000 0,000000
125 1631709344 1,400000 -1,000000 -101,000000 0,000000 0,000000
125 1631709345 1,400000 -1,000000 -101,000000 0,000000 0,000000
125 1631709346 1,400000 -1,000000 -101,000000 0,000000 0,000000
125 1631709347 1,400000 -1,000000 -101,000000 0,000000 0,000000
66 1631709348 0,800000 -1,000000 -101,000000 0,000000 0,000000
125 1631709348 1,400000 -1,000000 -101,000000 0,000000 0,000000
125 1631709359 1,000000 -1,000000 -101,000000 0,000000 0,000000
125 1631709360 1,000000 -1,000000 -101,000000 0,000000 0,000000
125 1631709361 1,000000 -1,000000 -101,000000 0,000000 0,000000
125 1631709362 1,000000 -1,000000 -101,000000 0,000000 0,000000
125 1631709363 1,000000 -1,000000 -101,000000 0,000000 0,000000
125 1631709364 1,200000 -1,000000 -101,000000 0,000000 0,000000
125 1631709365 1,200000 -1,000000 -101,000000 0,000000 0,000000
125 1631709366 1,200000 -1,000000 -101,000000 0,000000 0,000000
125 1631709367 1,200000 -1,000000 -101,000000 0,000000 0,000000
125 1631709368 1,200000 -1,000000 -101,000000 0,000000 0,000000
125 1631709369 1,000000 -1,000000 -101,000000 0,000000 0,000000
125 1631709370 1,000000 -1,000000 -101,000000 0,000000 0,000000
125 1631709371 1,000000 -1,000000 -101,000000 0,000000 0,000000
125 1631709372 1,000000 -1,000000 -101,000000 0,000000 0,000000
125 1631709373 1,000000 -1,000000 -101,000000 0,000000 0,000000
125 1631709374 1,200000 -1,000000 -101,000000 0,000000 0,000000
125 1631709375 1,200000 -1,000000 -101,000000 0,000000 0,000000
125 1631709376 1,200000 -1,000000 -101,000000 0,000000 0,000000
125 1631709377 1,200000 -1,000000 -101,000000 0,000000 0,000000
125 1631709378 1,200000 -1,000000 -101,000000 0,000000 0,000000
125 1631709389 1,800000 -1,000000 -101,000000 0,000000 0,000000
125 1631709390 1,800000 -1,000000 -101,000000 0,000000 0,000000
125 1631709391 1,800000 -1,000000 -101,000000 0,000000 0,000000
125 1631709392 1,800000 -1,000000 -101,000000 0,000000 0,000000
125 1631709393 1,800000 -1,000000 -101,000000 0,000000 0,000000
125 1631709399 2,800000 -1,000000 -101,000000 0,000000 0,000000
125 1631709400 2,800000 -1,000000 -101,000000 0,000000 0,000000
125 1631709401 2,800000 -1,000000 -101,000000 0,000000 0,000000
125 1631709402 2,800000 -1,000000 -101,000000 0,000000 0,000000
125 1631709403 2,800000 -1,000000 -101,000000 0,000000 0,000000
125 1631709404 1,800000 -1,000000 -101,000000 0,000000 0,000000
125 1631709405 1,800000 -1,000000 -101,000000 0,000000 0,000000
125 1631709406 1,800000 -1,000000 -101,000000 0,000000 0,000000
125 1631709407 1,800000 -1,000000 -101,000000 0,000000 0,000000
125 1631709408 1,800000 -1,000000 -101,000000 0,000000 0,000000
125 1631709409 0,800000 -1,000000 -101,000000 0,000000 0,000000
125 1631709410 0,800000 -1,000000 -101,000000 0,000000 0,000000
125 1631709411 0,800000 -1,000000 -101,000000 0,000000 0,000000
125 1631709412 0,800000 -1,000000 -101,000000 0,000000 0,000000
125 1631709413 0,800000 -1,000000 -101,000000 0,000000 0,000000
125 1631709414 2,400000 -1,000000 -101,000000 0,000000 0,000000
125 1631709415 2,400000 -1,000000 -101,000000 0,000000 0,000000
125 1631709416 2,400000 -1,000000 -101,000000 0,000000 0,000000
125 1631709417 2,400000 -1,000000 -101,000000 0,000000 0,000000
66 1631709359 1,200000 -1,000000 -101,000000 0,000000 0,000000
66 1631709360 1,200000 -1,000000 -101,000000 0,000000 0,000000
66 1631709361 1,200000 -1,000000 -101,000000 0,000000 0,000000
66 1631709362 1,200000 -1,000000 -101,000000 0,000000 0,000000
66 1631709363 1,200000 -1,000000 -101,000000 0,000000 0,000000
66 1631709374 1,200000 -1,000000 -101,000000 0,000000 0,000000
66 1631709375 1,200000 -1,000000 -101,000000 0,000000 0,000000
66 1631709376 1,200000 -1,000000 -101,000000 0,000000 0,000000
66 1631709377 1,200000 -1,000000 -101,000000 0,000000 0,000000
66 1631709378 1,200000 -1,000000 -101,000000 0,000000 0,000000
66 1631709394 3,400000 -1,000000 -101,000000 0,000000 0,000000
66 1631709395 3,400000 -1,000000 -101,000000 0,000000 0,000000
66 1631709396 3,400000 -1,000000 -101,000000 0,000000 0,000000
66 1631709397 3,400000 -1,000000 -101,000000 0,000000 0,000000
66 1631709398 3,400000 -1,000000 -101,000000 0,000000 0,000000
66 1631709404 1,200000 -1,000000 -101,000000 0,000000 0,000000
66 1631709405 1,200000 -1,000000 -101,000000 0,000000 0,000000
66 1631709406 1,200000 -1,000000 -101,000000 0,000000 0,000000
66 1631709407 1,200000 -1,000000 -101,000000 0,000000 0,000000
66 1631709408 1,200000 -1,000000 -101,000000 0,000000 0,000000
66 1631709409 2,000000 -1,000000 -101,000000 0,000000 0,000000
66 1631709410 2,000000 -1,000000 -101,000000 0,000000 0,000000
66 1631709411 2,000000 -1,000000 -101,000000 0,000000 0,000000
66 1631709412 2,000000 -1,000000 -101,000000 0,000000 0,000000
66 1631709413 2,000000 -1,000000 -101,000000 0,000000 0,000000
66 1631709414 0,400000 -1,000000 -101,000000 0,000000 0,000000
66 1631709415 0,400000 -1,000000 -101,000000 0,000000 0,000000
66 1631709416 0,400000 -1,000000 -101,000000 0,000000 0,000000
66 1631709417 0,400000 -1,000000 -101,000000 0,000000 0,000000
66 1631709418 0,400000 -1,000000 -101,000000 0,000000 0,000000
125 1631709418 2,400000 -1,000000 -101,000000 0,000000 0,000000
125 1631709486 3,333333 -1,000000 3,333333 3,333333 0,000000
125 1631709485 3,333333 -1,000000 3,333333 3,333333 0,000000
125 1631709484 3,333333 -1,000000 3,333333 3,333333 0,000000
125 1631709478 1,600000 -1,000000 1,600000 1,600000 0,000000
125 1631709477 1,600000 -1,000000 1,600000 1,600000 0,000000
125 1631709476 1,600000 -1,000000 1,600000 1,600000 0,000000
125 1631709475 1,600000 -1,000000 1,600000 1,600000 0,000000
125 1631709474 1,600000 -1,000000 1,600000 1,600000 0,000000
66 1631709483 2,000000 -1,000000 2,000000 2,000000 0,000000
66 1631709482 2,000000 -1,000000 2,000000 2,000000 0,000000
66 1631709481 2,000000 -1,000000 2,000000 2,000000 0,000000
66 1631709480 2,000000 -1,000000 2,000000 2,000000 0,000000
66 1631709479 2,000000 -1,000000 2,000000 2,000000 0,000000
