70 1631708149 28,600000 -1,000000 -101,000000 0,000000 0,000000
70 1631708150 28,600000 -1,000000 -101,000000 0,000000 0,000000
70 1631708151 28,600000 -1,000000 -101,000000 0,000000 0,000000
70 1631708152 28,600000 -1,000000 -101,000000 0,000000 0,000000
70 1631708153 28,600000 -1,000000 -101,000000 0,000000 0,000000
70 1631708154 8,600000 -1,000000 -101,000000 0,000000 0,000000
70 1631708155 8,600000 -1,000000 -101,000000 0,000000 0,000000
70 1631708156 8,600000 -1,000000 -101,000000 0,000000 0,000000
70 1631708157 8,600000 -1,000000 -101,000000 0,000000 0,000000
70 1631708158 8,600000 -1,000000 -101,000000 0,000000 0,000000
70 1631708159 6,400000 -1,000000 -101,000000 0,000000 0,000000
70 1631708160 6,400000 -1,000000 -101,000000 0,000000 0,000000
70 1631708161 6,400000 -1,000000 -101,000000 0,000000 0,000000
70 1631708162 6,400000 -1,000000 -101,000000 0,000000 0,000000
70 1631708163 6,400000 -1,000000 -101,000000 0,000000 0,000000
70 1631708189 1,400000 -1,000000 -101,000000 0,000000 0,000000
70 1631708190 1,400000 -1,000000 -101,000000 0,000000 0,000000
70 1631708191 1,400000 -1,000000 -101,000000 0,000000 0,000000
70 1631708192 1,400000 -1,000000 -101,000000 0,000000 0,000000
70 1631708193 1,400000 -1,000000 -101,000000 0,000000 0,000000
70 1631708194 2,000000 -1,000000 -101,000000 0,000000 0,000000
70 1631708195 2,000000 -1,000000 -101,000000 0,000000 0,000000
70 1631708196 2,000000 -1,000000 -101,000000 0,000000 0,000000
70 1631708197 2,000000 -1,000000 -101,000000 0,000000 0,000000
70 1631708198 2,000000 -1,000000 -101,000000 0,000000 0,000000
70 1631708204 3,800000 -1,000000 -101,000000 0,000000 0,000000
70 1631708205 3,800000 -1,000000 -101,000000 0,000000 0,000000
70 1631708206 3,800000 -1,000000 -101,000000 0,000000 0,000000
70 1631708207 3,800000 -1,000000 -101,000000 0,000000 0,000000
70 1631708208 3,800000 -1,000000 -101,000000 0,000000 0,000000
70 1631708219 10,200000 -1,000000 -101,000000 0,000000 0,000000
70 1631708220 10,200000 -1,000000 -101,000000 0,000000 0,000000
70 1631708221 10,200000 -1,000000 -101,000000 0,000000 0,000000
70 1631708222 10,200000 -1,000000 -101,000000 0,000000 0,000000
70 1631708223 10,200000 -1,000000 -101,000000 0,000000 0,000000
70 1631708224 2,400000 -1,000000 -101,000000 0,000000 0,000000
70 1631708225 2,400000 -1,000000 -101,000000 0,000000 0,000000
70 1631708226 2,400000 -1,000000 -101,000000 0,000000 0,000000
70 1631708227 2,400000 -1,000000 -101,000000 0,000000 0,000000
70 1631708228 2,400000 -1,000000 -101,000000 0,000000 0,000000
70 1631708229 6,200000 -1,000000 -101,000000 0,000000 0,000000
70 1631708230 6,200000 -1,000000 -101,000000 0,000000 0,000000
70 1631708231 6,200000 -1,000000 -101,000000 0,000000 0,000000
70 1631708232 6,200000 -1,000000 -101,000000 0,000000 0,000000
70 1631708233 6,200000 -1,000000 -101,000000 0,000000 0,000000
70 1631708234 8,400000 -1,000000 -101,000000 0,000000 0,000000
70 1631708235 8,400000 -1,000000 -101,000000 0,000000 0,000000
70 1631708236 8,400000 -1,000000 -101,000000 0,000000 0,000000
70 1631708237 8,400000 -1,000000 -101,000000 0,000000 0,000000
70 1631708238 8,400000 -1,000000 -101,000000 0,000000 0,000000
70 1631708239 2,000000 -1,000000 -101,000000 0,000000 0,000000
70 1631708240 2,000000 -1,000000 -101,000000 0,000000 0,000000
70 1631708241 2,000000 -1,000000 -101,000000 0,000000 0,000000
70 1631708242 2,000000 -1,000000 -101,000000 0,000000 0,000000
70 1631708243 2,000000 -1,000000 -101,000000 0,000000 0,000000
70 1631708259 3,800000 -1,000000 -101,000000 0,000000 0,000000
70 1631708260 3,800000 -1,000000 -101,000000 0,000000 0,000000
70 1631708261 3,800000 -1,000000 -101,000000 0,000000 0,000000
70 1631708262 3,800000 -1,000000 -101,000000 0,000000 0,000000
70 1631708263 3,800000 -1,000000 -101,000000 0,000000 0,000000
70 1631708264 2,600000 -1,000000 -101,000000 0,000000 0,000000
70 1631708265 2,600000 -1,000000 -101,000000 0,000000 0,000000
70 1631708266 2,600000 -1,000000 -101,000000 0,000000 0,000000
70 1631708267 2,600000 -1,000000 -101,000000 0,000000 0,000000
70 1631708268 2,600000 -1,000000 -101,000000 0,000000 0,000000
70 1631708269 1,400000 -1,000000 -101,000000 0,000000 0,000000
70 1631708270 1,400000 -1,000000 -101,000000 0,000000 0,000000
70 1631708271 1,400000 -1,000000 -101,000000 0,000000 0,000000
70 1631708272 1,400000 -1,000000 -101,000000 0,000000 0,000000
70 1631708273 1,400000 -1,000000 -101,000000 0,000000 0,000000
70 1631708279 2,000000 -1,000000 -101,000000 0,000000 0,000000
70 1631708280 2,000000 -1,000000 -101,000000 0,000000 0,000000
70 1631708281 2,000000 -1,000000 -101,000000 0,000000 0,000000
70 1631708282 2,000000 -1,000000 -101,000000 0,000000 0,000000
70 1631708283 2,000000 -1,000000 -101,000000 0,000000 0,000000
70 1631708289 10,200000 -1,000000 -101,000000 0,000000 0,000000
70 1631708290 10,200000 -1,000000 -101,000000 0,000000 0,000000
70 1631708291 10,200000 -1,000000 -101,000000 0,000000 0,000000
70 1631708292 10,200000 -1,000000 -101,000000 0,000000 0,000000
70 1631708293 10,200000 -1,000000 -101,000000 0,000000 0,000000
70 1631708294 2,400000 -1,000000 -101,000000 0,000000 0,000000
70 1631708295 2,400000 -1,000000 -101,000000 0,000000 0,000000
70 1631708296 2,400000 -1,000000 -101,000000 0,000000 0,000000
70 1631708297 2,400000 -1,000000 -101,000000 0,000000 0,000000
70 1631708298 2,400000 -1,000000 -101,000000 0,000000 0,000000
70 1631708299 4,800000 -1,000000 -101,000000 0,000000 0,000000
70 1631708300 4,800000 -1,000000 -101,000000 0,000000 0,000000
70 1631708301 4,800000 -1,000000 -101,000000 0,000000 0,000000
70 1631708302 4,800000 -1,000000 -101,000000 0,000000 0,000000
70 1631708303 4,800000 -1,000000 -101,000000 0,000000 0,000000
70 1631708314 5,200000 -1,000000 -101,000000 0,000000 0,000000
70 1631708315 5,200000 -1,000000 -101,000000 0,000000 0,000000
70 1631708316 5,200000 -1,000000 -101,000000 0,000000 0,000000
70 1631708317 5,200000 -1,000000 -101,000000 0,000000 0,000000
70 1631708318 5,200000 -1,000000 -101,000000 0,000000 0,000000
70 1631708319 13,200000 -1,000000 -101,000000 0,000000 0,000000
70 1631708320 13,200000 -1,000000 -101,000000 0,000000 0,000000
70 1631708321 13,200000 -1,000000 -101,000000 0,000000 0,000000
70 1631708322 13,200000 -1,000000 -101,000000 0,000000 0,000000
70 1631708323 13,200000 -1,000000 -101,000000 0,000000 0,000000
70 1631708324 5,200000 -1,000000 -101,000000 0,000000 0,000000
70 1631708325 5,200000 -1,000000 -101,000000 0,000000 0,000000
70 1631708326 5,200000 -1,000000 -101,000000 0,000000 0,000000
70 1631708327 5,200000 -1,000000 -101,000000 0,000000 0,000000
70 1631708328 5,200000 -1,000000 -101,000000 0,000000 0,000000
70 1631708354 1,400000 -1,000000 -101,000000 0,000000 0,000000
70 1631708355 1,400000 -1,000000 -101,000000 0,000000 0,000000
70 1631708356 1,400000 -1,000000 -101,000000 0,000000 0,000000
70 1631708357 1,400000 -1,000000 -101,000000 0,000000 0,000000
70 1631708358 1,400000 -1,000000 -101,000000 0,000000 0,000000
70 1631708359 10,200000 -1,000000 -101,000000 0,000000 0,000000
70 1631708360 10,200000 -1,000000 -101,000000 0,000000 0,000000
70 1631708361 10,200000 -1,000000 -101,000000 0,000000 0,000000
70 1631708362 10,200000 -1,000000 -101,000000 0,000000 0,000000
70 1631708363 10,200000 -1,000000 -101,000000 0,000000 0,000000
70 1631708364 3,600000 -1,000000 -101,000000 0,000000 0,000000
70 1631708365 3,600000 -1,000000 -101,000000 0,000000 0,000000
70 1631708366 3,600000 -1,000000 -101,000000 0,000000 0,000000
70 1631708367 3,600000 -1,000000 -101,000000 0,000000 0,000000
70 1631708368 3,600000 -1,000000 -101,000000 0,000000 0,000000
70 1631708369 9,200000 -1,000000 -101,000000 0,000000 0,000000
70 1631708370 9,200000 -1,000000 -101,000000 0,000000 0,000000
70 1631708371 9,200000 -1,000000 -101,000000 0,000000 0,000000
70 1631708372 9,200000 -1,000000 -101,000000 0,000000 0,000000
70 1631708373 9,200000 -1,000000 -101,000000 0,000000 0,000000
70 1631708374 2,800000 -1,000000 -101,000000 0,000000 0,000000
70 1631708375 2,800000 -1,000000 -101,000000 0,000000 0,000000
70 1631708376 2,800000 -1,000000 -101,000000 0,000000 0,000000
70 1631708377 2,800000 -1,000000 -101,000000 0,000000 0,000000
70 1631708378 2,800000 -1,000000 -101,000000 0,000000 0,000000
70 1631708394 1,400000 -1,000000 -101,000000 0,000000 0,000000
70 1631708395 1,400000 -1,000000 -101,000000 0,000000 0,000000
70 1631708396 1,400000 -1,000000 -101,000000 0,000000 0,000000
70 1631708397 1,400000 -1,000000 -101,000000 0,000000 0,000000
70 1631708398 1,400000 -1,000000 -101,000000 0,000000 0,000000
70 1631708399 2,000000 -1,000000 -101,000000 0,000000 0,000000
70 1631708400 2,000000 -1,000000 -101,000000 0,000000 0,000000
70 1631708401 2,000000 -1,000000 -101,000000 0,000000 0,000000
70 1631708402 2,000000 -1,000000 -101,000000 0,000000 0,000000
70 1631708403 2,000000 -1,000000 -101,000000 0,000000 0,000000
70 1631708404 6,800000 -1,000000 -101,000000 0,000000 0,000000
70 1631708405 6,800000 -1,000000 -101,000000 0,000000 0,000000
70 1631708406 6,800000 -1,000000 -101,000000 0,000000 0,000000
70 1631708407 6,800000 -1,000000 -101,000000 0,000000 0,000000
70 1631708408 6,800000 -1,000000 -101,000000 0,000000 0,000000
70 1631708409 1,600000 -1,000000 -101,000000 0,000000 0,000000
70 1631708410 1,600000 -1,000000 -101,000000 0,000000 0,000000
70 1631708411 1,600000 -1,000000 -101,000000 0,000000 0,000000
70 1631708412 1,600000 -1,000000 -101,000000 0,000000 0,000000
70 1631708413 1,600000 -1,000000 -101,000000 0,000000 0,000000
70 1631708424 13,800000 -1,000000 -101,000000 0,000000 0,000000
70 1631708425 13,800000 -1,000000 -101,000000 0,000000 0,000000
70 1631708426 13,800000 -1,000000 -101,000000 0,000000 0,000000
70 1631708427 13,800000 -1,000000 -101,000000 0,000000 0,000000
70 1631708428 13,800000 -1,000000 -101,000000 0,000000 0,000000
70 1631708429 0,200000 -1,000000 -101,000000 0,000000 0,000000
70 1631708430 0,200000 -1,000000 -101,000000 0,000000 0,000000
70 1631708431 0,200000 -1,000000 -101,000000 0,000000 0,000000
70 1631708432 0,200000 -1,000000 -101,000000 0,000000 0,000000
70 1631708433 0,200000 -1,000000 -101,000000 0,000000 0,000000
70 1631708434 8,600000 -1,000000 -101,000000 0,000000 0,000000
70 1631708435 8,600000 -1,000000 -101,000000 0,000000 0,000000
70 1631708436 8,600000 -1,000000 -101,000000 0,000000 0,000000
70 1631708437 8,600000 -1,000000 -101,000000 0,000000 0,000000
70 1631708438 8,600000 -1,000000 -101,000000 0,000000 0,000000
70 1631708439 1,600000 -1,000000 -101,000000 0,000000 0,000000
70 1631708440 1,600000 -1,000000 -101,000000 0,000000 0,000000
70 1631708441 1,600000 -1,000000 -101,000000 0,000000 0,000000
70 1631708442 1,600000 -1,000000 -101,000000 0,000000 0,000000
70 1631708443 1,600000 -1,000000 -101,000000 0,000000 0,000000
70 1631708444 0,400000 -1,000000 -101,000000 0,000000 0,000000
70 1631708445 0,400000 -1,000000 -101,000000 0,000000 0,000000
70 1631708446 0,400000 -1,000000 -101,000000 0,000000 0,000000
70 1631708447 0,400000 -1,000000 -101,000000 0,000000 0,000000
70 1631708448 0,400000 -1,000000 -101,000000 0,000000 0,000000
70 1631708474 1,400000 -1,000000 -101,000000 0,000000 0,000000
70 1631708475 1,400000 -1,000000 -101,000000 0,000000 0,000000
70 1631708476 1,400000 -1,000000 -101,000000 0,000000 0,000000
70 1631708477 1,400000 -1,000000 -101,000000 0,000000 0,000000
70 1631708478 1,400000 -1,000000 -101,000000 0,000000 0,000000
70 1631708479 3,800000 -1,000000 -101,000000 0,000000 0,000000
70 1631708480 3,800000 -1,000000 -101,000000 0,000000 0,000000
70 1631708481 3,800000 -1,000000 -101,000000 0,000000 0,000000
70 1631708482 3,800000 -1,000000 -101,000000 0,000000 0,000000
70 1631708483 3,800000 -1,000000 -101,000000 0,000000 0,000000
70 1631708484 15,800000 -1,000000 -101,000000 0,000000 0,000000
70 1631708485 15,800000 -1,000000 -101,000000 0,000000 0,000000
70 1631708486 15,800000 -1,000000 -101,000000 0,000000 0,000000
70 1631708487 15,800000 -1,000000 -101,000000 0,000000 0,000000
70 1631708488 15,800000 -1,000000 -101,000000 0,000000 0,000000
70 1631708489 3,600000 -1,000000 -101,000000 0,000000 0,000000
70 1631708490 3,600000 -1,000000 -101,000000 0,000000 0,000000
70 1631708491 3,600000 -1,000000 -101,000000 0,000000 0,000000
70 1631708492 3,600000 -1,000000 -101,000000 0,000000 0,000000
70 1631708493 3,600000 -1,000000 -101,000000 0,000000 0,000000
70 1631708494 11,800000 -1,000000 -101,000000 0,000000 0,000000
70 1631708495 11,800000 -1,000000 -101,000000 0,000000 0,000000
70 1631708496 11,800000 -1,000000 -101,000000 0,000000 0,000000
70 1631708497 11,800000 -1,000000 -101,000000 0,000000 0,000000
70 1631708498 11,800000 -1,000000 -101,000000 0,000000 0,000000
70 1631708499 2,400000 -1,000000 -101,000000 0,000000 0,000000
70 1631708500 2,400000 -1,000000 -101,000000 0,000000 0,000000
70 1631708501 2,400000 -1,000000 -101,000000 0,000000 0,000000
70 1631708502 2,400000 -1,000000 -101,000000 0,000000 0,000000
70 1631708503 2,400000 -1,000000 -101,000000 0,000000 0,000000
70 1631708504 4,800000 -1,000000 -101,000000 0,000000 0,000000
70 1631708505 4,800000 -1,000000 -101,000000 0,000000 0,000000
70 1631708506 4,800000 -1,000000 -101,000000 0,000000 0,000000
70 1631708507 4,800000 -1,000000 -101,000000 0,000000 0,000000
70 1631708508 4,800000 -1,000000 -101,000000 0,000000 0,000000
70 1631708519 1,400000 -1,000000 -101,000000 0,000000 0,000000
70 1631708520 1,400000 -1,000000 -101,000000 0,000000 0,000000
70 1631708521 1,400000 -1,000000 -101,000000 0,000000 0,000000
70 1631708522 1,400000 -1,000000 -101,000000 0,000000 0,000000
70 1631708523 1,400000 -1,000000 -101,000000 0,000000 0,000000
70 1631708524 2,000000 -1,000000 -101,000000 0,000000 0,000000
70 1631708525 2,000000 -1,000000 -101,000000 0,000000 0,000000
70 1631708526 2,000000 -1,000000 -101,000000 0,000000 0,000000
70 1631708527 2,000000 -1,000000 -101,000000 0,000000 0,000000
70 1631708528 2,000000 -1,000000 -101,000000 0,000000 0,000000
70 1631708534 3,800000 -1,000000 -101,000000 0,000000 0,000000
70 1631708535 3,800000 -1,000000 -101,000000 0,000000 0,000000
70 1631708536 3,800000 -1,000000 -101,000000 0,000000 0,000000
70 1631708537 3,800000 -1,000000 -101,000000 0,000000 0,000000
70 1631708538 3,800000 -1,000000 -101,000000 0,000000 0,000000
70 1631708559 1,400000 -1,000000 -101,000000 0,000000 0,000000
70 1631708560 1,400000 -1,000000 -101,000000 0,000000 0,000000
70 1631708561 1,400000 -1,000000 -101,000000 0,000000 0,000000
70 1631708562 1,400000 -1,000000 -101,000000 0,000000 0,000000
70 1631708563 1,400000 -1,000000 -101,000000 0,000000 0,000000
70 1631708564 12,200000 -1,000000 -101,000000 0,000000 0,000000
70 1631708565 12,200000 -1,000000 -101,000000 0,000000 0,000000
70 1631708566 12,200000 -1,000000 -101,000000 0,000000 0,000000
70 1631708567 12,200000 -1,000000 -101,000000 0,000000 0,000000
70 1631708568 12,200000 -1,000000 -101,000000 0,000000 0,000000
70 1631708569 9,200000 -1,000000 -101,000000 0,000000 0,000000
70 1631708570 9,200000 -1,000000 -101,000000 0,000000 0,000000
70 1631708571 9,200000 -1,000000 -101,000000 0,000000 0,000000
70 1631708572 9,200000 -1,000000 -101,000000 0,000000 0,000000
70 1631708573 9,200000 -1,000000 -101,000000 0,000000 0,000000
70 1631708574 6,400000 -1,000000 -101,000000 0,000000 0,000000
70 1631708575 6,400000 -1,000000 -101,000000 0,000000 0,000000
70 1631708576 6,400000 -1,000000 -101,000000 0,000000 0,000000
70 1631708577 6,400000 -1,000000 -101,000000 0,000000 0,000000
70 1631708578 6,400000 -1,000000 -101,000000 0,000000 0,000000
70 1631708589 3,600000 -1,000000 -101,000000 0,000000 0,000000
70 1631708590 3,600000 -1,000000 -101,000000 0,000000 0,000000
70 1631708591 3,600000 -1,000000 -101,000000 0,000000 0,000000
70 1631708592 3,600000 -1,000000 -101,000000 0,000000 0,000000
70 1631708593 3,600000 -1,000000 -101,000000 0,000000 0,000000
70 1631708594 2,800000 -1,000000 -101,000000 0,000000 0,000000
70 1631708595 2,800000 -1,000000 -101,000000 0,000000 0,000000
70 1631708596 2,800000 -1,000000 -101,000000 0,000000 0,000000
70 1631708597 2,800000 -1,000000 -101,000000 0,000000 0,000000
70 1631708598 2,800000 -1,000000 -101,000000 0,000000 0,000000
70 1631708599 1,400000 -1,000000 -101,000000 0,000000 0,000000
70 1631708600 1,400000 -1,000000 -101,000000 0,000000 0,000000
70 1631708601 1,400000 -1,000000 -101,000000 0,000000 0,000000
70 1631708602 1,400000 -1,000000 -101,000000 0,000000 0,000000
70 1631708603 1,400000 -1,000000 -101,000000 0,000000 0,000000
70 1631708604 1,600000 -1,000000 -101,000000 0,000000 0,000000
70 1631708605 1,600000 -1,000000 -101,000000 0,000000 0,000000
70 1631708606 1,600000 -1,000000 -101,000000 0,000000 0,000000
70 1631708607 1,600000 -1,000000 -101,000000 0,000000 0,000000
70 1631708608 1,600000 -1,000000 -101,000000 0,000000 0,000000
70 1631708609 0,400000 -1,000000 -101,000000 0,000000 0,000000
70 1631708610 0,400000 -1,000000 -101,000000 0,000000 0,000000
70 1631708611 0,400000 -1,000000 -101,000000 0,000000 0,000000
70 1631708612 0,400000 -1,000000 -101,000000 0,000000 0,000000
70 1631708613 0,400000 -1,000000 -101,000000 0,000000 0,000000
70 1631708634 10,200000 -1,000000 -101,000000 0,000000 0,000000
70 1631708635 10,200000 -1,000000 -101,000000 0,000000 0,000000
70 1631708636 10,200000 -1,000000 -101,000000 0,000000 0,000000
70 1631708637 10,200000 -1,000000 -101,000000 0,000000 0,000000
70 1631708638 10,200000 -1,000000 -101,000000 0,000000 0,000000
70 1631708639 3,800000 -1,000000 -101,000000 0,000000 0,000000
70 1631708640 3,800000 -1,000000 -101,000000 0,000000 0,000000
70 1631708641 3,800000 -1,000000 -101,000000 0,000000 0,000000
70 1631708642 3,800000 -1,000000 -101,000000 0,000000 0,000000
70 1631708643 3,800000 -1,000000 -101,000000 0,000000 0,000000
70 1631708644 10,200000 -1,000000 -101,000000 0,000000 0,000000
70 1631708645 10,200000 -1,000000 -101,000000 0,000000 0,000000
70 1631708646 10,200000 -1,000000 -101,000000 0,000000 0,000000
70 1631708647 10,200000 -1,000000 -101,000000 0,000000 0,000000
70 1631708648 10,200000 -1,000000 -101,000000 0,000000 0,000000
70 1631708649 4,800000 -1,000000 -101,000000 0,000000 0,000000
70 1631708650 4,800000 -1,000000 -101,000000 0,000000 0,000000
70 1631708651 4,800000 -1,000000 -101,000000 0,000000 0,000000
70 1631708652 4,800000 -1,000000 -101,000000 0,000000 0,000000
70 1631708653 4,800000 -1,000000 -101,000000 0,000000 0,000000
70 1631708654 10,400000 -1,000000 -101,000000 0,000000 0,000000
70 1631708655 10,400000 -1,000000 -101,000000 0,000000 0,000000
70 1631708656 10,400000 -1,000000 -101,000000 0,000000 0,000000
70 1631708657 10,400000 -1,000000 -101,000000 0,000000 0,000000
70 1631708658 10,400000 -1,000000 -101,000000 0,000000 0,000000
70 1631708659 1,600000 -1,000000 -101,000000 0,000000 0,000000
70 1631708660 1,600000 -1,000000 -101,000000 0,000000 0,000000
70 1631708661 1,600000 -1,000000 -101,000000 0,000000 0,000000
70 1631708662 1,600000 -1,000000 -101,000000 0,000000 0,000000
70 1631708663 1,600000 -1,000000 -101,000000 0,000000 0,000000
70 1631708733 2,000000 -1,000000 2,000000 2,000000 0,000000
70 1631708732 2,000000 -1,000000 2,000000 2,000000 0,000000
70 1631708731 2,000000 -1,000000 2,000000 2,000000 0,000000
70 1631708730 2,000000 -1,000000 2,000000 2,000000 0,000000
70 1631708729 2,000000 -1,000000 2,000000 2,000000 0,000000
70 1631708728 1,400000 -1,000000 1,400000 1,400000 0,000000
70 1631708727 1,400000 -1,000000 1,400000 1,400000 0,000000
70 1631708726 1,400000 -1,000000 1,400000 1,400000 0,000000
70 1631708725 1,400000 -1,000000 1,400000 1,400000 0,000000
70 1631708724 1,400000 -1,000000 1,400000 1,400000 0,000000
70 1631708718 4,800000 -1,000000 4,800000 4,800000 0,000000
70 1631708717 4,800000 -1,000000 4,800000 4,800000 0,000000
70 1631708716 4,800000 -1,000000 4,800000 4,800000 0,000000
70 1631708715 4,800000 -1,000000 4,800000 4,800000 0,000000
70 1631708714 4,800000 -1,000000 4,800000 4,800000 0,000000
70 1631708713 2,800000 -1,000000 2,800000 2,800000 0,000000
70 1631708712 2,800000 -1,000000 2,800000 2,800000 0,000000
70 1631708711 2,800000 -1,000000 2,800000 2,800000 0,000000
70 1631708710 2,800000 -1,000000 2,800000 2,800000 0,000000
70 1631708709 2,800000 -1,000000 2,800000 2,800000 0,000000
70 1631708708 12,400000 -1,000000 12,400000 12,400000 0,000000
70 1631708707 12,400000 -1,000000 12,400000 12,400000 0,000000
70 1631708706 12,400000 -1,000000 12,400000 12,400000 0,000000
70 1631708705 12,400000 -1,000000 12,400000 12,400000 0,000000
70 1631708704 12,400000 -1,000000 12,400000 12,400000 0,000000
70 1631708703 3,800000 -1,000000 3,800000 3,800000 0,000000
70 1631708702 3,800000 -1,000000 3,800000 3,800000 0,000000
70 1631708701 3,800000 -1,000000 3,800000 3,800000 0,000000
70 1631708700 3,800000 -1,000000 3,800000 3,800000 0,000000
70 1631708699 3,800000 -1,000000 3,800000 3,800000 0,000000
70 1631708693 2,000000 -1,000000 2,000000 2,000000 0,000000
70 1631708692 2,000000 -1,000000 2,000000 2,000000 0,000000
70 1631708691 2,000000 -1,000000 2,000000 2,000000 0,000000
70 1631708690 2,000000 -1,000000 2,000000 2,000000 0,000000
70 1631708689 2,000000 -1,000000 2,000000 2,000000 0,000000
70 1631708683 1,400000 -1,000000 1,400000 1,400000 0,000000
70 1631708682 1,400000 -1,000000 1,400000 1,400000 0,000000
70 1631708681 1,400000 -1,000000 1,400000 1,400000 0,000000
70 1631708680 1,400000 -1,000000 1,400000 1,400000 0,000000
70 1631708679 1,400000 -1,000000 1,400000 1,400000 0,000000
70 1631708679 1,400000 -1,000000 -101,000000 0,000000 0,000000
70 1631708680 1,400000 -1,000000 -101,000000 0,000000 0,000000
70 1631708681 1,400000 -1,000000 -101,000000 0,000000 0,000000
70 1631708682 1,400000 -1,000000 -101,000000 0,000000 0,000000
70 1631708683 1,400000 -1,000000 -101,000000 0,000000 0,000000
70 1631708689 2,000000 -1,000000 -101,000000 0,000000 0,000000
70 1631708690 2,000000 -1,000000 -101,000000 0,000000 0,000000
70 1631708691 2,000000 -1,000000 -101,000000 0,000000 0,000000
70 1631708692 2,000000 -1,000000 -101,000000 0,000000 0,000000
70 1631708693 2,000000 -1,000000 -101,000000 0,000000 0,000000
70 1631708699 3,800000 -1,000000 -101,000000 0,000000 0,000000
70 1631708700 3,800000 -1,000000 -101,000000 0,000000 0,000000
70 1631708701 3,800000 -1,000000 -101,000000 0,000000 0,000000
70 1631708702 3,800000 -1,000000 -101,000000 0,000000 0,000000
70 1631708703 3,800000 -1,000000 -101,000000 0,000000 0,000000
70 1631708704 12,400000 -1,000000 -101,000000 0,000000 0,000000
70 1631708705 12,400000 -1,000000 -101,000000 0,000000 0,000000
70 1631708706 12,400000 -1,000000 -101,000000 0,000000 0,000000
70 1631708707 12,400000 -1,000000 -101,000000 0,000000 0,000000
70 1631708708 12,400000 -1,000000 -101,000000 0,000000 0,000000
70 1631708709 2,800000 -1,000000 -101,000000 0,000000 0,000000
70 1631708710 2,800000 -1,000000 -101,000000 0,000000 0,000000
70 1631708711 2,800000 -1,000000 -101,000000 0,000000 0,000000
70 1631708712 2,800000 -1,000000 -101,000000 0,000000 0,000000
70 1631708713 2,800000 -1,000000 -101,000000 0,000000 0,000000
70 1631708714 4,800000 -1,000000 -101,000000 0,000000 0,000000
70 1631708715 4,800000 -1,000000 -101,000000 0,000000 0,000000
70 1631708716 4,800000 -1,000000 -101,000000 0,000000 0,000000
70 1631708717 4,800000 -1,000000 -101,000000 0,000000 0,000000
70 1631708718 4,800000 -1,000000 -101,000000 0,000000 0,000000
70 1631708724 1,400000 -1,000000 -101,000000 0,000000 0,000000
70 1631708725 1,400000 -1,000000 -101,000000 0,000000 0,000000
70 1631708726 1,400000 -1,000000 -101,000000 0,000000 0,000000
70 1631708727 1,400000 -1,000000 -101,000000 0,000000 0,000000
70 1631708728 1,400000 -1,000000 -101,000000 0,000000 0,000000
70 1631708729 2,000000 -1,000000 -101,000000 0,000000 0,000000
70 1631708730 2,000000 -1,000000 -101,000000 0,000000 0,000000
70 1631708731 2,000000 -1,000000 -101,000000 0,000000 0,000000
70 1631708732 2,000000 -1,000000 -101,000000 0,000000 0,000000
70 1631708733 2,000000 -1,000000 -101,000000 0,000000 0,000000
70 1631708739 6,800000 -1,000000 -101,000000 0,000000 0,000000
70 1631708740 6,800000 -1,000000 -101,000000 0,000000 0,000000
70 1631708741 6,800000 -1,000000 -101,000000 0,000000 0,000000
70 1631708742 6,800000 -1,000000 -101,000000 0,000000 0,000000
70 1631708743 6,800000 -1,000000 -101,000000 0,000000 0,000000
70 1631708744 1,600000 -1,000000 -101,000000 0,000000 0,000000
70 1631708745 1,600000 -1,000000 -101,000000 0,000000 0,000000
70 1631708746 1,600000 -1,000000 -101,000000 0,000000 0,000000
70 1631708747 1,600000 -1,000000 -101,000000 0,000000 0,000000
70 1631708748 1,600000 -1,000000 -101,000000 0,000000 0,000000
70 1631708754 3,600000 -1,000000 -101,000000 0,000000 0,000000
70 1631708755 3,600000 -1,000000 -101,000000 0,000000 0,000000
70 1631708756 3,600000 -1,000000 -101,000000 0,000000 0,000000
70 1631708757 3,600000 -1,000000 -101,000000 0,000000 0,000000
70 1631708758 3,600000 -1,000000 -101,000000 0,000000 0,000000
70 1631708759 0,200000 -1,000000 -101,000000 0,000000 0,000000
70 1631708760 0,200000 -1,000000 -101,000000 0,000000 0,000000
70 1631708761 0,200000 -1,000000 -101,000000 0,000000 0,000000
70 1631708762 0,200000 -1,000000 -101,000000 0,000000 0,000000
70 1631708763 0,200000 -1,000000 -101,000000 0,000000 0,000000
70 1631708764 1,400000 -1,000000 -101,000000 0,000000 0,000000
70 1631708765 1,400000 -1,000000 -101,000000 0,000000 0,000000
70 1631708766 1,400000 -1,000000 -101,000000 0,000000 0,000000
70 1631708767 1,400000 -1,000000 -101,000000 0,000000 0,000000
70 1631708768 1,400000 -1,000000 -101,000000 0,000000 0,000000
70 1631708769 12,200000 -1,000000 -101,000000 0,000000 0,000000
70 1631708770 12,200000 -1,000000 -101,000000 0,000000 0,000000
70 1631708771 12,200000 -1,000000 -101,000000 0,000000 0,000000
70 1631708772 12,200000 -1,000000 -101,000000 0,000000 0,000000
70 1631708773 12,200000 -1,000000 -101,000000 0,000000 0,000000
70 1631708779 7,200000 -1,000000 -101,000000 0,000000 0,000000
70 1631708780 7,200000 -1,000000 -101,000000 0,000000 0,000000
70 1631708781 7,200000 -1,000000 -101,000000 0,000000 0,000000
70 1631708782 7,200000 -1,000000 -101,000000 0,000000 0,000000
70 1631708783 7,200000 -1,000000 -101,000000 0,000000 0,000000
70 1631708804 1,400000 -1,000000 -101,000000 0,000000 0,000000
70 1631708805 1,400000 -1,000000 -101,000000 0,000000 0,000000
70 1631708806 1,400000 -1,000000 -101,000000 0,000000 0,000000
70 1631708807 1,400000 -1,000000 -101,000000 0,000000 0,000000
70 1631708808 1,400000 -1,000000 -101,000000 0,000000 0,000000
70 1631708809 5,600000 -1,000000 -101,000000 0,000000 0,000000
70 1631708810 5,600000 -1,000000 -101,000000 0,000000 0,000000
70 1631708811 5,600000 -1,000000 -101,000000 0,000000 0,000000
70 1631708812 5,600000 -1,000000 -101,000000 0,000000 0,000000
70 1631708813 5,600000 -1,000000 -101,000000 0,000000 0,000000
70 1631708814 4,600000 -1,000000 -101,000000 0,000000 0,000000
70 1631708815 4,600000 -1,000000 -101,000000 0,000000 0,000000
70 1631708816 4,600000 -1,000000 -101,000000 0,000000 0,000000
70 1631708817 4,600000 -1,000000 -101,000000 0,000000 0,000000
70 1631708818 4,600000 -1,000000 -101,000000 0,000000 0,000000
70 1631708819 6,200000 -1,000000 -101,000000 0,000000 0,000000
70 1631708820 6,200000 -1,000000 -101,000000 0,000000 0,000000
70 1631708821 6,200000 -1,000000 -101,000000 0,000000 0,000000
70 1631708822 6,200000 -1,000000 -101,000000 0,000000 0,000000
70 1631708823 6,200000 -1,000000 -101,000000 0,000000 0,000000
70 1631708824 6,800000 -1,000000 -101,000000 0,000000 0,000000
70 1631708825 6,800000 -1,000000 -101,000000 0,000000 0,000000
70 1631708826 6,800000 -1,000000 -101,000000 0,000000 0,000000
70 1631708827 6,800000 -1,000000 -101,000000 0,000000 0,000000
70 1631708828 6,800000 -1,000000 -101,000000 0,000000 0,000000
70 1631708829 1,600000 -1,000000 -101,000000 0,000000 0,000000
70 1631708830 1,600000 -1,000000 -101,000000 0,000000 0,000000
70 1631708831 1,600000 -1,000000 -101,000000 0,000000 0,000000
70 1631708832 1,600000 -1,000000 -101,000000 0,000000 0,000000
70 1631708833 1,600000 -1,000000 -101,000000 0,000000 0,000000
70 1631708839 10,200000 -1,000000 -101,000000 0,000000 0,000000
70 1631708840 10,200000 -1,000000 -101,000000 0,000000 0,000000
70 1631708841 10,200000 -1,000000 -101,000000 0,000000 0,000000
70 1631708842 10,200000 -1,000000 -101,000000 0,000000 0,000000
70 1631708843 10,200000 -1,000000 -101,000000 0,000000 0,000000
70 1631708844 3,800000 -1,000000 -101,000000 0,000000 0,000000
70 1631708845 3,800000 -1,000000 -101,000000 0,000000 0,000000
70 1631708846 3,800000 -1,000000 -101,000000 0,000000 0,000000
70 1631708847 3,800000 -1,000000 -101,000000 0,000000 0,000000
70 1631708848 3,800000 -1,000000 -101,000000 0,000000 0,000000
70 1631708849 6,400000 -1,000000 -101,000000 0,000000 0,000000
70 1631708850 6,400000 -1,000000 -101,000000 0,000000 0,000000
70 1631708851 6,400000 -1,000000 -101,000000 0,000000 0,000000
70 1631708852 6,400000 -1,000000 -101,000000 0,000000 0,000000
70 1631708853 6,400000 -1,000000 -101,000000 0,000000 0,000000
70 1631708854 0,400000 -1,000000 -101,000000 0,000000 0,000000
70 1631708855 0,400000 -1,000000 -101,000000 0,000000 0,000000
70 1631708856 0,400000 -1,000000 -101,000000 0,000000 0,000000
70 1631708857 0,400000 -1,000000 -101,000000 0,000000 0,000000
70 1631708858 0,400000 -1,000000 -101,000000 0,000000 0,000000
70 1631708864 3,600000 -1,000000 -101,000000 0,000000 0,000000
70 1631708865 3,600000 -1,000000 -101,000000 0,000000 0,000000
70 1631708866 3,600000 -1,000000 -101,000000 0,000000 0,000000
70 1631708867 3,600000 -1,000000 -101,000000 0,000000 0,000000
70 1631708868 3,600000 -1,000000 -101,000000 0,000000 0,000000
70 1631708869 0,200000 -1,000000 -101,000000 0,000000 0,000000
70 1631708870 0,200000 -1,000000 -101,000000 0,000000 0,000000
70 1631708871 0,200000 -1,000000 -101,000000 0,000000 0,000000
70 1631708872 0,200000 -1,000000 -101,000000 0,000000 0,000000
70 1631708873 0,200000 -1,000000 -101,000000 0,000000 0,000000
70 1631708884 1,400000 -1,000000 -101,000000 0,000000 0,000000
70 1631708885 1,400000 -1,000000 -101,000000 0,000000 0,000000
70 1631708886 1,400000 -1,000000 -101,000000 0,000000 0,000000
70 1631708887 1,400000 -1,000000 -101,000000 0,000000 0,000000
70 1631708888 1,400000 -1,000000 -101,000000 0,000000 0,000000
70 1631708894 2,000000 -1,000000 -101,000000 0,000000 0,000000
70 1631708895 2,000000 -1,000000 -101,000000 0,000000 0,000000
70 1631708896 2,000000 -1,000000 -101,000000 0,000000 0,000000
70 1631708897 2,000000 -1,000000 -101,000000 0,000000 0,000000
70 1631708898 2,000000 -1,000000 -101,000000 0,000000 0,000000
70 1631708904 6,800000 -1,000000 -101,000000 0,000000 0,000000
70 1631708905 6,800000 -1,000000 -101,000000 0,000000 0,000000
70 1631708906 6,800000 -1,000000 -101,000000 0,000000 0,000000
70 1631708907 6,800000 -1,000000 -101,000000 0,000000 0,000000
70 1631708908 6,800000 -1,000000 -101,000000 0,000000 0,000000
70 1631708909 10,200000 -1,000000 -101,000000 0,000000 0,000000
70 1631708910 10,200000 -1,000000 -101,000000 0,000000 0,000000
70 1631708911 10,200000 -1,000000 -101,000000 0,000000 0,000000
70 1631708912 10,200000 -1,000000 -101,000000 0,000000 0,000000
70 1631708913 10,200000 -1,000000 -101,000000 0,000000 0,000000
70 1631708914 4,000000 -1,000000 -101,000000 0,000000 0,000000
70 1631708915 4,000000 -1,000000 -101,000000 0,000000 0,000000
70 1631708916 4,000000 -1,000000 -101,000000 0,000000 0,000000
70 1631708917 4,000000 -1,000000 -101,000000 0,000000 0,000000
70 1631708918 4,000000 -1,000000 -101,000000 0,000000 0,000000
70 1631708919 8,400000 -1,000000 -101,000000 0,000000 0,000000
70 1631708920 8,400000 -1,000000 -101,000000 0,000000 0,000000
70 1631708921 8,400000 -1,000000 -101,000000 0,000000 0,000000
70 1631708922 8,400000 -1,000000 -101,000000 0,000000 0,000000
70 1631708923 8,400000 -1,000000 -101,000000 0,000000 0,000000
70 1631708924 0,200000 -1,000000 -101,000000 0,000000 0,000000
70 1631708925 0,200000 -1,000000 -101,000000 0,000000 0,000000
70 1631708926 0,200000 -1,000000 -101,000000 0,000000 0,000000
70 1631708927 0,200000 -1,000000 -101,000000 0,000000 0,000000
70 1631708928 0,200000 -1,000000 -101,000000 0,000000 0,000000
70 1631708929 4,000000 -1,000000 -101,000000 0,000000 0,000000
70 1631708930 4,000000 -1,000000 -101,000000 0,000000 0,000000
70 1631708931 4,000000 -1,000000 -101,000000 0,000000 0,000000
70 1631708932 4,000000 -1,000000 -101,000000 0,000000 0,000000
70 1631708933 4,000000 -1,000000 -101,000000 0,000000 0,000000
70 1631708934 2,000000 -1,000000 -101,000000 0,000000 0,000000
70 1631708935 2,000000 -1,000000 -101,000000 0,000000 0,000000
70 1631708936 2,000000 -1,000000 -101,000000 0,000000 0,000000
70 1631708937 2,000000 -1,000000 -101,000000 0,000000 0,000000
70 1631708938 2,000000 -1,000000 -101,000000 0,000000 0,000000
70 1631708969 1,400000 -1,000000 -101,000000 0,000000 0,000000
70 1631708970 1,400000 -1,000000 -101,000000 0,000000 0,000000
70 1631708971 1,400000 -1,000000 -101,000000 0,000000 0,000000
70 1631708972 1,400000 -1,000000 -101,000000 0,000000 0,000000
70 1631708973 1,400000 -1,000000 -101,000000 0,000000 0,000000
70 1631708974 5,600000 -1,000000 -101,000000 0,000000 0,000000
70 1631708975 5,600000 -1,000000 -101,000000 0,000000 0,000000
70 1631708976 5,600000 -1,000000 -101,000000 0,000000 0,000000
70 1631708977 5,600000 -1,000000 -101,000000 0,000000 0,000000
70 1631708978 5,600000 -1,000000 -101,000000 0,000000 0,000000
70 1631708979 14,800000 -1,000000 -101,000000 0,000000 0,000000
70 1631708980 14,800000 -1,000000 -101,000000 0,000000 0,000000
70 1631708981 14,800000 -1,000000 -101,000000 0,000000 0,000000
70 1631708982 14,800000 -1,000000 -101,000000 0,000000 0,000000
70 1631708983 14,800000 -1,000000 -101,000000 0,000000 0,000000
70 1631708984 6,000000 -1,000000 -101,000000 0,000000 0,000000
70 1631708985 6,000000 -1,000000 -101,000000 0,000000 0,000000
70 1631708986 6,000000 -1,000000 -101,000000 0,000000 0,000000
70 1631708987 6,000000 -1,000000 -101,000000 0,000000 0,000000
70 1631708988 6,000000 -1,000000 -101,000000 0,000000 0,000000
70 1631708989 11,600000 -1,000000 -101,000000 0,000000 0,000000
70 1631708990 11,600000 -1,000000 -101,000000 0,000000 0,000000
70 1631708991 11,600000 -1,000000 -101,000000 0,000000 0,000000
70 1631708992 11,600000 -1,000000 -101,000000 0,000000 0,000000
70 1631708993 11,600000 -1,000000 -101,000000 0,000000 0,000000
70 1631708994 1,600000 -1,000000 -101,000000 0,000000 0,000000
70 1631708995 1,600000 -1,000000 -101,000000 0,000000 0,000000
70 1631708996 1,600000 -1,000000 -101,000000 0,000000 0,000000
70 1631708997 1,600000 -1,000000 -101,000000 0,000000 0,000000
70 1631708998 1,600000 -1,000000 -101,000000 0,000000 0,000000
70 1631709009 1,400000 -1,000000 -101,000000 0,000000 0,000000
70 1631709010 1,400000 -1,000000 -101,000000 0,000000 0,000000
70 1631709011 1,400000 -1,000000 -101,000000 0,000000 0,000000
70 1631709012 1,400000 -1,000000 -101,000000 0,000000 0,000000
70 1631709013 1,400000 -1,000000 -101,000000 0,000000 0,000000
70 1631709014 1,600000 -1,000000 -101,000000 0,000000 0,000000
70 1631709015 1,600000 -1,000000 -101,000000 0,000000 0,000000
70 1631709016 1,600000 -1,000000 -101,000000 0,000000 0,000000
70 1631709017 1,600000 -1,000000 -101,000000 0,000000 0,000000
70 1631709018 1,600000 -1,000000 -101,000000 0,000000 0,000000
70 1631709019 0,400000 -1,000000 -101,000000 0,000000 0,000000
70 1631709020 0,400000 -1,000000 -101,000000 0,000000 0,000000
70 1631709021 0,400000 -1,000000 -101,000000 0,000000 0,000000
70 1631709022 0,400000 -1,000000 -101,000000 0,000000 0,000000
70 1631709023 0,400000 -1,000000 -101,000000 0,000000 0,000000
70 1631709029 3,600000 -1,000000 -101,000000 0,000000 0,000000
70 1631709030 3,600000 -1,000000 -101,000000 0,000000 0,000000
70 1631709031 3,600000 -1,000000 -101,000000 0,000000 0,000000
70 1631709032 3,600000 -1,000000 -101,000000 0,000000 0,000000
70 1631709033 3,600000 -1,000000 -101,000000 0,000000 0,000000
70 1631709034 0,200000 -1,000000 -101,000000 0,000000 0,000000
70 1631709035 0,200000 -1,000000 -101,000000 0,000000 0,000000
70 1631709036 0,200000 -1,000000 -101,000000 0,000000 0,000000
70 1631709037 0,200000 -1,000000 -101,000000 0,000000 0,000000
70 1631709038 0,200000 -1,000000 -101,000000 0,000000 0,000000
70 1631709039 2,600000 -1,000000 -101,000000 0,000000 0,000000
70 1631709040 2,600000 -1,000000 -101,000000 0,000000 0,000000
70 1631709041 2,600000 -1,000000 -101,000000 0,000000 0,000000
70 1631709042 2,600000 -1,000000 -101,000000 0,000000 0,000000
70 1631709043 2,600000 -1,000000 -101,000000 0,000000 0,000000
70 1631709049 11,600000 -1,000000 -101,000000 0,000000 0,000000
70 1631709050 11,600000 -1,000000 -101,000000 0,000000 0,000000
70 1631709051 11,600000 -1,000000 -101,000000 0,000000 0,000000
70 1631709052 11,600000 -1,000000 -101,000000 0,000000 0,000000
70 1631709053 11,600000 -1,000000 -101,000000 0,000000 0,000000
70 1631709054 4,000000 -1,000000 -101,000000 0,000000 0,000000
70 1631709055 4,000000 -1,000000 -101,000000 0,000000 0,000000
70 1631709056 4,000000 -1,000000 -101,000000 0,000000 0,000000
70 1631709057 4,000000 -1,000000 -101,000000 0,000000 0,000000
70 1631709058 4,000000 -1,000000 -101,000000 0,000000 0,000000
70 1631709059 5,200000 -1,000000 -101,000000 0,000000 0,000000
70 1631709060 5,200000 -1,000000 -101,000000 0,000000 0,000000
70 1631709061 5,200000 -1,000000 -101,000000 0,000000 0,000000
70 1631709062 5,200000 -1,000000 -101,000000 0,000000 0,000000
70 1631709063 5,200000 -1,000000 -101,000000 0,000000 0,000000
70 1631709074 6,800000 -1,000000 -101,000000 0,000000 0,000000
70 1631709075 6,800000 -1,000000 -101,000000 0,000000 0,000000
70 1631709076 6,800000 -1,000000 -101,000000 0,000000 0,000000
70 1631709077 6,800000 -1,000000 -101,000000 0,000000 0,000000
70 1631709078 6,800000 -1,000000 -101,000000 0,000000 0,000000
70 1631709079 1,600000 -1,000000 -101,000000 0,000000 0,000000
70 1631709080 1,600000 -1,000000 -101,000000 0,000000 0,000000
70 1631709081 1,600000 -1,000000 -101,000000 0,000000 0,000000
70 1631709082 1,600000 -1,000000 -101,000000 0,000000 0,000000
70 1631709083 1,600000 -1,000000 -101,000000 0,000000 0,000000
70 1631709084 3,800000 -1,000000 -101,000000 0,000000 0,000000
70 1631709085 3,800000 -1,000000 -101,000000 0,000000 0,000000
70 1631709086 3,800000 -1,000000 -101,000000 0,000000 0,000000
70 1631709087 3,800000 -1,000000 -101,000000 0,000000 0,000000
70 1631709088 3,800000 -1,000000 -101,000000 0,000000 0,000000
70 1631709089 1,400000 -1,000000 -101,000000 0,000000 0,000000
70 1631709090 1,400000 -1,000000 -101,000000 0,000000 0,000000
70 1631709091 1,400000 -1,000000 -101,000000 0,000000 0,000000
70 1631709092 1,400000 -1,000000 -101,000000 0,000000 0,000000
70 1631709093 1,400000 -1,000000 -101,000000 0,000000 0,000000
70 1631709099 2,000000 -1,000000 -101,000000 0,000000 0,000000
70 1631709100 2,000000 -1,000000 -101,000000 0,000000 0,000000
70 1631709101 2,000000 -1,000000 -101,000000 0,000000 0,000000
70 1631709102 2,000000 -1,000000 -101,000000 0,000000 0,000000
70 1631709103 2,000000 -1,000000 -101,000000 0,000000 0,000000
70 1631709114 10,200000 -1,000000 -101,000000 0,000000 0,000000
70 1631709115 10,200000 -1,000000 -101,000000 0,000000 0,000000
70 1631709116 10,200000 -1,000000 -101,000000 0,000000 0,000000
70 1631709117 10,200000 -1,000000 -101,000000 0,000000 0,000000
70 1631709118 10,200000 -1,000000 -101,000000 0,000000 0,000000
70 1631709124 7,200000 -1,000000 -101,000000 0,000000 0,000000
70 1631709125 7,200000 -1,000000 -101,000000 0,000000 0,000000
70 1631709126 7,200000 -1,000000 -101,000000 0,000000 0,000000
70 1631709127 7,200000 -1,000000 -101,000000 0,000000 0,000000
70 1631709128 7,200000 -1,000000 -101,000000 0,000000 0,000000
70 1631709134 1,400000 -1,000000 -101,000000 0,000000 0,000000
70 1631709135 1,400000 -1,000000 -101,000000 0,000000 0,000000
70 1631709136 1,400000 -1,000000 -101,000000 0,000000 0,000000
70 1631709137 1,400000 -1,000000 -101,000000 0,000000 0,000000
70 1631709138 1,400000 -1,000000 -101,000000 0,000000 0,000000
70 1631709139 5,600000 -1,000000 -101,000000 0,000000 0,000000
70 1631709140 5,600000 -1,000000 -101,000000 0,000000 0,000000
70 1631709141 5,600000 -1,000000 -101,000000 0,000000 0,000000
70 1631709142 5,600000 -1,000000 -101,000000 0,000000 0,000000
70 1631709143 5,600000 -1,000000 -101,000000 0,000000 0,000000
70 1631709144 0,200000 -1,000000 -101,000000 0,000000 0,000000
70 1631709145 0,200000 -1,000000 -101,000000 0,000000 0,000000
70 1631709146 0,200000 -1,000000 -101,000000 0,000000 0,000000
70 1631709147 0,200000 -1,000000 -101,000000 0,000000 0,000000
70 1631709148 0,200000 -1,000000 -101,000000 0,000000 0,000000
70 1631709149 7,000000 -1,000000 -101,000000 0,000000 0,000000
70 1631709150 7,000000 -1,000000 -101,000000 0,000000 0,000000
70 1631709151 7,000000 -1,000000 -101,000000 0,000000 0,000000
70 1631709152 7,000000 -1,000000 -101,000000 0,000000 0,000000
70 1631709153 7,000000 -1,000000 -101,000000 0,000000 0,000000
70 1631709154 3,600000 -1,000000 -101,000000 0,000000 0,000000
70 1631709155 3,600000 -1,000000 -101,000000 0,000000 0,000000
70 1631709156 3,600000 -1,000000 -101,000000 0,000000 0,000000
70 1631709157 3,600000 -1,000000 -101,000000 0,000000 0,000000
70 1631709158 3,600000 -1,000000 -101,000000 0,000000 0,000000
70 1631709159 6,800000 -1,000000 -101,000000 0,000000 0,000000
70 1631709160 6,800000 -1,000000 -101,000000 0,000000 0,000000
70 1631709161 6,800000 -1,000000 -101,000000 0,000000 0,000000
70 1631709162 6,800000 -1,000000 -101,000000 0,000000 0,000000
70 1631709163 6,800000 -1,000000 -101,000000 0,000000 0,000000
70 1631709164 1,600000 -1,000000 -101,000000 0,000000 0,000000
70 1631709165 1,600000 -1,000000 -101,000000 0,000000 0,000000
70 1631709166 1,600000 -1,000000 -101,000000 0,000000 0,000000
70 1631709167 1,600000 -1,000000 -101,000000 0,000000 0,000000
70 1631709168 1,600000 -1,000000 -101,000000 0,000000 0,000000
70 1631709174 1,400000 -1,000000 -101,000000 0,000000 0,000000
70 1631709175 1,400000 -1,000000 -101,000000 0,000000 0,000000
70 1631709176 1,400000 -1,000000 -101,000000 0,000000 0,000000
70 1631709177 1,400000 -1,000000 -101,000000 0,000000 0,000000
70 1631709178 1,400000 -1,000000 -101,000000 0,000000 0,000000
70 1631709179 2,000000 -1,000000 -101,000000 0,000000 0,000000
70 1631709180 2,000000 -1,000000 -101,000000 0,000000 0,000000
70 1631709181 2,000000 -1,000000 -101,000000 0,000000 0,000000
70 1631709182 2,000000 -1,000000 -101,000000 0,000000 0,000000
70 1631709183 2,000000 -1,000000 -101,000000 0,000000 0,000000
70 1631709184 10,200000 -1,000000 -101,000000 0,000000 0,000000
70 1631709185 10,200000 -1,000000 -101,000000 0,000000 0,000000
70 1631709186 10,200000 -1,000000 -101,000000 0,000000 0,000000
70 1631709187 10,200000 -1,000000 -101,000000 0,000000 0,000000
70 1631709188 10,200000 -1,000000 -101,000000 0,000000 0,000000
70 1631709189 2,400000 -1,000000 -101,000000 0,000000 0,000000
70 1631709190 2,400000 -1,000000 -101,000000 0,000000 0,000000
70 1631709191 2,400000 -1,000000 -101,000000 0,000000 0,000000
70 1631709192 2,400000 -1,000000 -101,000000 0,000000 0,000000
70 1631709193 2,400000 -1,000000 -101,000000 0,000000 0,000000
70 1631709194 8,400000 -1,000000 -101,000000 0,000000 0,000000
70 1631709195 8,400000 -1,000000 -101,000000 0,000000 0,000000
70 1631709196 8,400000 -1,000000 -101,000000 0,000000 0,000000
70 1631709197 8,400000 -1,000000 -101,000000 0,000000 0,000000
70 1631709198 8,400000 -1,000000 -101,000000 0,000000 0,000000
70 1631709199 0,200000 -1,000000 -101,000000 0,000000 0,000000
70 1631709200 0,200000 -1,000000 -101,000000 0,000000 0,000000
70 1631709201 0,200000 -1,000000 -101,000000 0,000000 0,000000
70 1631709202 0,200000 -1,000000 -101,000000 0,000000 0,000000
70 1631709203 0,200000 -1,000000 -101,000000 0,000000 0,000000
70 1631709214 1,400000 -1,000000 -101,000000 0,000000 0,000000
70 1631709215 1,400000 -1,000000 -101,000000 0,000000 0,000000
70 1631709216 1,400000 -1,000000 -101,000000 0,000000 0,000000
70 1631709217 1,400000 -1,000000 -101,000000 0,000000 0,000000
70 1631709218 1,400000 -1,000000 -101,000000 0,000000 0,000000
70 1631709219 1,600000 -1,000000 -101,000000 0,000000 0,000000
70 1631709220 1,600000 -1,000000 -101,000000 0,000000 0,000000
70 1631709221 1,600000 -1,000000 -101,000000 0,000000 0,000000
70 1631709222 1,600000 -1,000000 -101,000000 0,000000 0,000000
70 1631709223 1,600000 -1,000000 -101,000000 0,000000 0,000000
70 1631709224 0,400000 -1,000000 -101,000000 0,000000 0,000000
70 1631709225 0,400000 -1,000000 -101,000000 0,000000 0,000000
70 1631709226 0,400000 -1,000000 -101,000000 0,000000 0,000000
70 1631709227 0,400000 -1,000000 -101,000000 0,000000 0,000000
70 1631709228 0,400000 -1,000000 -101,000000 0,000000 0,000000
70 1631709244 6,800000 -1,000000 -101,000000 0,000000 0,000000
70 1631709245 6,800000 -1,000000 -101,000000 0,000000 0,000000
70 1631709246 6,800000 -1,000000 -101,000000 0,000000 0,000000
70 1631709247 6,800000 -1,000000 -101,000000 0,000000 0,000000
70 1631709248 6,800000 -1,000000 -101,000000 0,000000 0,000000
70 1631709249 5,200000 -1,000000 -101,000000 0,000000 0,000000
70 1631709250 5,200000 -1,000000 -101,000000 0,000000 0,000000
70 1631709251 5,200000 -1,000000 -101,000000 0,000000 0,000000
70 1631709252 5,200000 -1,000000 -101,000000 0,000000 0,000000
70 1631709253 5,200000 -1,000000 -101,000000 0,000000 0,000000
70 1631709254 11,800000 -1,000000 -101,000000 0,000000 0,000000
70 1631709255 11,800000 -1,000000 -101,000000 0,000000 0,000000
70 1631709256 11,800000 -1,000000 -101,000000 0,000000 0,000000
70 1631709257 11,800000 -1,000000 -101,000000 0,000000 0,000000
70 1631709258 11,800000 -1,000000 -101,000000 0,000000 0,000000
70 1631709259 6,200000 -1,000000 -101,000000 0,000000 0,000000
70 1631709260 6,200000 -1,000000 -101,000000 0,000000 0,000000
70 1631709261 6,200000 -1,000000 -101,000000 0,000000 0,000000
70 1631709262 6,200000 -1,000000 -101,000000 0,000000 0,000000
70 1631709263 6,200000 -1,000000 -101,000000 0,000000 0,000000
70 1631709264 5,600000 -1,000000 -101,000000 0,000000 0,000000
70 1631709265 5,600000 -1,000000 -101,000000 0,000000 0,000000
70 1631709266 5,600000 -1,000000 -101,000000 0,000000 0,000000
70 1631709267 5,600000 -1,000000 -101,000000 0,000000 0,000000
70 1631709268 5,600000 -1,000000 -101,000000 0,000000 0,000000
70 1631709338 6,400000 -1,000000 6,400000 6,400000 0,000000
70 1631709337 6,400000 -1,000000 6,400000 6,400000 0,000000
70 1631709336 6,400000 -1,000000 6,400000 6,400000 0,000000
70 1631709335 6,400000 -1,000000 6,400000 6,400000 0,000000
70 1631709334 6,400000 -1,000000 6,400000 6,400000 0,000000
70 1631709333 2,400000 -1,000000 2,400000 2,400000 0,000000
70 1631709332 2,400000 -1,000000 2,400000 2,400000 0,000000
70 1631709331 2,400000 -1,000000 2,400000 2,400000 0,000000
70 1631709330 2,400000 -1,000000 2,400000 2,400000 0,000000
70 1631709329 2,400000 -1,000000 2,400000 2,400000 0,000000
70 1631709328 17,000000 -1,000000 17,000000 17,000000 0,000000
70 1631709327 17,000000 -1,000000 17,000000 17,000000 0,000000
70 1631709326 17,000000 -1,000000 17,000000 17,000000 0,000000
70 1631709325 17,000000 -1,000000 17,000000 17,000000 0,000000
70 1631709324 17,000000 -1,000000 17,000000 17,000000 0,000000
70 1631709323 3,600000 -1,000000 3,600000 3,600000 0,000000
70 1631709322 3,600000 -1,000000 3,600000 3,600000 0,000000
70 1631709321 3,600000 -1,000000 3,600000 3,600000 0,000000
70 1631709320 3,600000 -1,000000 3,600000 3,600000 0,000000
70 1631709319 3,600000 -1,000000 3,600000 3,600000 0,000000
70 1631709318 4,400000 -1,000000 4,400000 4,400000 0,000000
70 1631709317 4,400000 -1,000000 4,400000 4,400000 0,000000
70 1631709316 4,400000 -1,000000 4,400000 4,400000 0,000000
70 1631709315 4,400000 -1,000000 4,400000 4,400000 0,000000
70 1631709314 4,400000 -1,000000 4,400000 4,400000 0,000000
70 1631709313 0,200000 -1,000000 0,200000 0,200000 0,000000
70 1631709312 0,200000 -1,000000 0,200000 0,200000 0,000000
70 1631709311 0,200000 -1,000000 0,200000 0,200000 0,000000
70 1631709310 0,200000 -1,000000 0,200000 0,200000 0,000000
70 1631709309 0,200000 -1,000000 0,200000 0,200000 0,000000
70 1631709308 5,600000 -1,000000 5,600000 5,600000 0,000000
70 1631709307 5,600000 -1,000000 5,600000 5,600000 0,000000
70 1631709306 5,600000 -1,000000 5,600000 5,600000 0,000000
70 1631709305 5,600000 -1,000000 5,600000 5,600000 0,000000
70 1631709304 5,600000 -1,000000 5,600000 5,600000 0,000000
70 1631709298 1,400000 -1,000000 1,400000 1,400000 0,000000
70 1631709297 1,400000 -1,000000 1,400000 1,400000 0,000000
70 1631709296 1,400000 -1,000000 1,400000 1,400000 0,000000
70 1631709295 1,400000 -1,000000 1,400000 1,400000 0,000000
70 1631709294 1,400000 -1,000000 1,400000 1,400000 0,000000
70 1631709294 1,400000 -1,000000 -101,000000 0,000000 0,000000
70 1631709295 1,400000 -1,000000 -101,000000 0,000000 0,000000
70 1631709296 1,400000 -1,000000 -101,000000 0,000000 0,000000
70 1631709297 1,400000 -1,000000 -101,000000 0,000000 0,000000
70 1631709298 1,400000 -1,000000 -101,000000 0,000000 0,000000
70 1631709304 5,600000 -1,000000 -101,000000 0,000000 0,000000
70 1631709305 5,600000 -1,000000 -101,000000 0,000000 0,000000
70 1631709306 5,600000 -1,000000 -101,000000 0,000000 0,000000
70 1631709307 5,600000 -1,000000 -101,000000 0,000000 0,000000
70 1631709308 5,600000 -1,000000 -101,000000 0,000000 0,000000
70 1631709309 0,200000 -1,000000 -101,000000 0,000000 0,000000
70 1631709310 0,200000 -1,000000 -101,000000 0,000000 0,000000
70 1631709311 0,200000 -1,000000 -101,000000 0,000000 0,000000
70 1631709312 0,200000 -1,000000 -101,000000 0,000000 0,000000
70 1631709313 0,200000 -1,000000 -101,000000 0,000000 0,000000
70 1631709314 4,400000 -1,000000 -101,000000 0,000000 0,000000
70 1631709315 4,400000 -1,000000 -101,000000 0,000000 0,000000
70 1631709316 4,400000 -1,000000 -101,000000 0,000000 0,000000
70 1631709317 4,400000 -1,000000 -101,000000 0,000000 0,000000
70 1631709318 4,400000 -1,000000 -101,000000 0,000000 0,000000
70 1631709319 3,600000 -1,000000 -101,000000 0,000000 0,000000
70 1631709320 3,600000 -1,000000 -101,000000 0,000000 0,000000
70 1631709321 3,600000 -1,000000 -101,000000 0,000000 0,000000
70 1631709322 3,600000 -1,000000 -101,000000 0,000000 0,000000
70 1631709323 3,600000 -1,000000 -101,000000 0,000000 0,000000
70 1631709324 17,000000 -1,000000 -101,000000 0,000000 0,000000
70 1631709325 17,000000 -1,000000 -101,000000 0,000000 0,000000
70 1631709326 17,000000 -1,000000 -101,000000 0,000000 0,000000
70 1631709327 17,000000 -1,000000 -101,000000 0,000000 0,000000
70 1631709328 17,000000 -1,000000 -101,000000 0,000000 0,000000
70 1631709329 2,400000 -1,000000 -101,000000 0,000000 0,000000
70 1631709330 2,400000 -1,000000 -101,000000 0,000000 0,000000
70 1631709331 2,400000 -1,000000 -101,000000 0,000000 0,000000
70 1631709332 2,400000 -1,000000 -101,000000 0,000000 0,000000
70 1631709333 2,400000 -1,000000 -101,000000 0,000000 0,000000
70 1631709334 6,400000 -1,000000 -101,000000 0,000000 0,000000
70 1631709335 6,400000 -1,000000 -101,000000 0,000000 0,000000
70 1631709336 6,400000 -1,000000 -101,000000 0,000000 0,000000
70 1631709337 6,400000 -1,000000 -101,000000 0,000000 0,000000
70 1631709338 6,400000 -1,000000 -101,000000 0,000000 0,000000
70 1631709339 1,400000 -1,000000 -101,000000 0,000000 0,000000
70 1631709340 1,400000 -1,000000 -101,000000 0,000000 0,000000
70 1631709341 1,400000 -1,000000 -101,000000 0,000000 0,000000
70 1631709342 1,400000 -1,000000 -101,000000 0,000000 0,000000
70 1631709343 1,400000 -1,000000 -101,000000 0,000000 0,000000
70 1631709344 2,000000 -1,000000 -101,000000 0,000000 0,000000
70 1631709345 2,000000 -1,000000 -101,000000 0,000000 0,000000
70 1631709346 2,000000 -1,000000 -101,000000 0,000000 0,000000
70 1631709347 2,000000 -1,000000 -101,000000 0,000000 0,000000
70 1631709348 2,000000 -1,000000 -101,000000 0,000000 0,000000
70 1631709359 3,600000 -1,000000 -101,000000 0,000000 0,000000
70 1631709360 3,600000 -1,000000 -101,000000 0,000000 0,000000
70 1631709361 3,600000 -1,000000 -101,000000 0,000000 0,000000
70 1631709362 3,600000 -1,000000 -101,000000 0,000000 0,000000
70 1631709363 3,600000 -1,000000 -101,000000 0,000000 0,000000
70 1631709364 0,200000 -1,000000 -101,000000 0,000000 0,000000
70 1631709365 0,200000 -1,000000 -101,000000 0,000000 0,000000
70 1631709366 0,200000 -1,000000 -101,000000 0,000000 0,000000
70 1631709367 0,200000 -1,000000 -101,000000 0,000000 0,000000
70 1631709368 0,200000 -1,000000 -101,000000 0,000000 0,000000
70 1631709374 2,600000 -1,000000 -101,000000 0,000000 0,000000
70 1631709375 2,600000 -1,000000 -101,000000 0,000000 0,000000
70 1631709376 2,600000 -1,000000 -101,000000 0,000000 0,000000
70 1631709377 2,600000 -1,000000 -101,000000 0,000000 0,000000
70 1631709378 2,600000 -1,000000 -101,000000 0,000000 0,000000
70 1631709394 10,200000 -1,000000 -101,000000 0,000000 0,000000
70 1631709395 10,200000 -1,000000 -101,000000 0,000000 0,000000
70 1631709396 10,200000 -1,000000 -101,000000 0,000000 0,000000
70 1631709397 10,200000 -1,000000 -101,000000 0,000000 0,000000
70 1631709398 10,200000 -1,000000 -101,000000 0,000000 0,000000
70 1631709399 2,400000 -1,000000 -101,000000 0,000000 0,000000
70 1631709400 2,400000 -1,000000 -101,000000 0,000000 0,000000
70 1631709401 2,400000 -1,000000 -101,000000 0,000000 0,000000
70 1631709402 2,400000 -1,000000 -101,000000 0,000000 0,000000
70 1631709403 2,400000 -1,000000 -101,000000 0,000000 0,000000
70 1631709404 4,800000 -1,000000 -101,000000 0,000000 0,000000
70 1631709405 4,800000 -1,000000 -101,000000 0,000000 0,000000
70 1631709406 4,800000 -1,000000 -101,000000 0,000000 0,000000
70 1631709407 4,800000 -1,000000 -101,000000 0,000000 0,000000
70 1631709408 4,800000 -1,000000 -101,000000 0,000000 0,000000
70 1631709409 6,800000 -1,000000 -101,000000 0,000000 0,000000
70 1631709410 6,800000 -1,000000 -101,000000 0,000000 0,000000
70 1631709411 6,800000 -1,000000 -101,000000 0,000000 0,000000
70 1631709412 6,800000 -1,000000 -101,000000 0,000000 0,000000
70 1631709413 6,800000 -1,000000 -101,000000 0,000000 0,000000
70 1631709414 1,600000 -1,000000 -101,000000 0,000000 0,000000
70 1631709415 1,600000 -1,000000 -101,000000 0,000000 0,000000
70 1631709416 1,600000 -1,000000 -101,000000 0,000000 0,000000
70 1631709417 1,600000 -1,000000 -101,000000 0,000000 0,000000
70 1631709418 1,600000 -1,000000 -101,000000 0,000000 0,000000
70 1631709486 6,000000 -1,000000 6,000000 6,000000 0,000000
70 1631709485 6,000000 -1,000000 6,000000 6,000000 0,000000
70 1631709484 6,000000 -1,000000 6,000000 6,000000 0,000000
70 1631709483 4,400000 -1,000000 4,400000 4,400000 0,000000
70 1631709482 4,400000 -1,000000 4,400000 4,400000 0,000000
70 1631709481 4,400000 -1,000000 4,400000 4,400000 0,000000
70 1631709480 4,400000 -1,000000 4,400000 4,400000 0,000000
70 1631709479 4,400000 -1,000000 4,400000 4,400000 0,000000
