76 1631708145 0,000000 0,000000 -101,000000 0,000000 0,000000
76 1631708146 0,000000 0,000000 -101,000000 0,000000 0,000000
76 1631708147 0,000000 0,000000 -101,000000 0,000000 0,000000
76 1631708148 0,000000 0,000000 -101,000000 0,000000 0,000000
76 1631708149 5,300000 2,000000 10,600000 10,600000 -20,200000
76 1631708150 5,300000 2,000000 21,200000 21,200000 -20,200000
76 1631708151 5,300000 2,000000 31,800000 31,800000 -20,200000
76 1631708152 5,300000 2,000000 42,400000 42,400000 -20,200000
76 1631708153 5,300000 2,000000 53,000000 53,000000 -20,200000
76 1631708154 -0,466667 3,000000 51,600000 51,600000 -20,200000
76 1631708155 -0,466667 3,000000 50,200000 50,200000 -20,200000
76 1631708156 -0,466667 3,000000 48,800000 48,800000 -20,200000
76 1631708157 -0,466667 3,000000 47,400000 47,400000 -20,200000
76 1631708158 -0,466667 3,000000 46,000000 46,000000 -20,200000
76 1631708159 -0,444444 3,600000 44,400000 44,400000 -20,200000
76 1631708160 -0,444444 3,600000 42,800000 42,800000 -20,200000
76 1631708161 -0,444444 3,600000 41,200000 41,200000 -20,200000
76 1631708162 -0,444444 3,600000 39,600000 39,600000 -20,200000
76 1631708163 -0,444444 3,600000 38,000000 38,000000 -20,200000
76 1631708164 0,000000 3,600000 38,000000 38,000000 -20,200000
76 1631708165 0,000000 3,600000 38,000000 38,000000 -20,200000
76 1631708166 0,000000 3,600000 38,000000 38,000000 -20,200000
76 1631708167 0,000000 3,600000 38,000000 38,000000 -20,200000
76 1631708168 0,000000 3,600000 38,000000 38,000000 -20,200000
76 1631708169 0,000000 3,600000 38,000000 38,000000 -20,200000
76 1631708170 0,000000 3,600000 38,000000 38,000000 -20,200000
76 1631708171 0,000000 3,600000 38,000000 38,000000 -20,200000
76 1631708172 0,000000 3,600000 38,000000 38,000000 -20,200000
76 1631708173 0,000000 3,600000 38,000000 38,000000 -20,200000
76 1631708174 0,000000 3,600000 38,000000 38,000000 -20,200000
76 1631708175 0,000000 3,600000 38,000000 38,000000 -20,200000
76 1631708176 0,000000 3,600000 38,000000 38,000000 -20,200000
76 1631708177 0,000000 3,600000 38,000000 38,000000 -20,200000
76 1631708178 0,000000 3,600000 38,000000 38,000000 -20,200000
76 1631708179 0,000000 3,600000 38,000000 38,000000 -20,200000
76 1631708180 0,000000 3,600000 38,000000 38,000000 -20,200000
76 1631708181 0,000000 3,600000 38,000000 38,000000 -20,200000
76 1631708182 0,000000 3,600000 38,000000 38,000000 -20,200000
76 1631708183 0,000000 3,600000 38,000000 38,000000 -20,200000
76 1631708184 0,000000 3,600000 38,000000 38,000000 -20,200000
76 1631708185 0,000000 3,600000 38,000000 38,000000 -20,200000
76 1631708186 0,000000 3,600000 38,000000 38,000000 -20,200000
76 1631708187 0,000000 3,600000 38,000000 38,000000 -20,200000
76 1631708188 0,000000 3,600000 38,000000 38,000000 -20,200000
76 1631708189 -0,105263 3,800000 37,600000 37,600000 -20,200000
76 1631708190 -0,105263 3,800000 37,200000 37,200000 -20,200000
76 1631708191 -0,105263 3,800000 36,800000 36,800000 -20,200000
76 1631708192 -0,105263 3,800000 36,400000 36,400000 -20,200000
76 1631708193 -0,105263 3,800000 36,000000 36,000000 -20,200000
76 1631708194 0,150000 4,000000 36,600000 36,600000 -20,200000
76 1631708195 0,150000 4,000000 37,200000 37,200000 -20,200000
76 1631708196 0,150000 4,000000 37,800000 37,800000 -20,200000
76 1631708197 0,150000 4,000000 38,400000 38,400000 -20,200000
76 1631708198 0,150000 4,000000 39,000000 39,000000 -20,200000
76 1631708199 0,000000 4,000000 39,000000 39,000000 -20,200000
76 1631708200 0,000000 4,000000 39,000000 39,000000 -20,200000
76 1631708201 0,000000 4,000000 39,000000 39,000000 -20,200000
76 1631708202 0,000000 4,000000 39,000000 39,000000 -20,200000
76 1631708203 0,000000 4,000000 39,000000 39,000000 -20,200000
76 1631708204 0,000000 4,200000 39,000000 39,000000 -20,200000
76 1631708205 0,000000 4,200000 39,000000 39,000000 -20,200000
76 1631708206 0,000000 4,200000 39,000000 39,000000 -20,200000
76 1631708207 0,000000 4,200000 39,000000 39,000000 -20,200000
76 1631708208 0,000000 4,200000 39,000000 39,000000 -20,200000
76 1631708209 0,000000 4,200000 39,000000 39,000000 -20,200000
76 1631708210 0,000000 4,200000 39,000000 39,000000 -20,200000
76 1631708211 0,000000 4,200000 39,000000 39,000000 -20,200000
76 1631708212 0,000000 4,200000 39,000000 39,000000 -20,200000
76 1631708213 0,000000 4,200000 39,000000 39,000000 -20,200000
76 1631708214 0,000000 4,200000 39,000000 39,000000 -20,200000
76 1631708215 0,000000 4,200000 39,000000 39,000000 -20,200000
76 1631708216 0,000000 4,200000 39,000000 39,000000 -20,200000
76 1631708217 0,000000 4,200000 39,000000 39,000000 -20,200000
76 1631708218 0,000000 4,200000 39,000000 39,000000 -20,200000
76 1631708219 0,291667 4,800000 40,400000 40,400000 -20,200000
76 1631708220 0,291667 4,800000 41,800000 41,800000 -20,200000
76 1631708221 0,291667 4,800000 43,200000 43,200000 -20,200000
76 1631708222 0,291667 4,800000 44,600000 44,600000 -20,200000
76 1631708223 0,291667 4,800000 46,000000 46,000000 -20,200000
76 1631708224 0,000000 4,800000 46,000000 46,000000 -20,200000
76 1631708225 0,000000 4,800000 46,000000 46,000000 -20,200000
76 1631708226 0,000000 4,800000 46,000000 46,000000 -20,200000
76 1631708227 0,000000 4,800000 46,000000 46,000000 -20,200000
76 1631708228 0,000000 4,800000 46,000000 46,000000 -20,200000
76 1631708229 -0,357143 5,600000 44,000000 44,000000 -20,200000
76 1631708230 -0,357143 5,600000 42,000000 42,000000 -20,200000
76 1631708231 -0,357143 5,600000 40,000000 40,000000 -20,200000
76 1631708232 -0,357143 5,600000 38,000000 38,000000 -20,200000
76 1631708233 -0,357143 5,600000 36,000000 36,000000 -20,200000
76 1631708234 0,233333 6,000000 37,400000 37,400000 -20,200000
76 1631708235 0,233333 6,000000 38,800000 38,800000 -20,200000
76 1631708236 0,233333 6,000000 40,200000 40,200000 -20,200000
76 1631708237 0,233333 6,000000 41,600000 41,600000 -20,200000
76 1631708238 0,233333 6,000000 43,000000 43,000000 -20,200000
76 1631708239 -0,151515 6,600000 42,000000 42,000000 -20,200000
76 1631708240 -0,151515 6,600000 41,000000 41,000000 -20,200000
76 1631708241 -0,151515 6,600000 40,000000 40,000000 -20,200000
76 1631708242 -0,151515 6,600000 39,000000 39,000000 -20,200000
76 1631708243 -0,151515 6,600000 38,000000 38,000000 -20,200000
76 1631708244 0,000000 6,600000 38,000000 38,000000 -20,200000
76 1631708245 0,000000 6,600000 38,000000 38,000000 -20,200000
76 1631708246 0,000000 6,600000 38,000000 38,000000 -20,200000
76 1631708247 0,000000 6,600000 38,000000 38,000000 -20,200000
76 1631708248 0,000000 6,600000 38,000000 38,000000 -20,200000
76 1631708249 0,000000 6,600000 38,000000 38,000000 -20,200000
76 1631708250 0,000000 6,600000 38,000000 38,000000 -20,200000
76 1631708251 0,000000 6,600000 38,000000 38,000000 -20,200000
76 1631708252 0,000000 6,600000 38,000000 38,000000 -20,200000
76 1631708253 0,000000 6,600000 38,000000 38,000000 -20,200000
76 1631708254 0,000000 6,600000 38,000000 38,000000 -20,200000
76 1631708255 0,000000 6,600000 38,000000 38,000000 -20,200000
76 1631708256 0,000000 6,600000 38,000000 38,000000 -20,200000
76 1631708257 0,000000 6,600000 38,000000 38,000000 -20,200000
76 1631708258 0,000000 6,600000 38,000000 38,000000 -20,200000
76 1631708259 -0,114286 7,000000 37,200000 37,200000 -20,200000
76 1631708260 -0,114286 7,000000 36,400000 36,400000 -20,200000
76 1631708261 -0,114286 7,000000 35,600000 35,600000 -20,200000
76 1631708262 -0,114286 7,000000 34,800000 34,800000 -20,200000
76 1631708263 -0,114286 7,000000 34,000000 34,000000 -20,200000
76 1631708264 0,083333 7,200000 34,600000 34,600000 -20,200000
76 1631708265 0,083333 7,200000 35,200000 35,200000 -20,200000
76 1631708266 0,083333 7,200000 35,800000 35,800000 -20,200000
76 1631708267 0,083333 7,200000 36,400000 36,400000 -20,200000
76 1631708268 0,083333 7,200000 37,000000 37,000000 -20,200000
76 1631708269 -0,054054 7,400000 36,600000 36,600000 -20,200000
76 1631708270 -0,054054 7,400000 36,200000 36,200000 -20,200000
76 1631708271 -0,054054 7,400000 35,800000 35,800000 -20,200000
76 1631708272 -0,054054 7,400000 35,400000 35,400000 -20,200000
76 1631708273 -0,054054 7,400000 35,000000 35,000000 -20,200000
76 1631708274 0,000000 7,400000 35,000000 35,000000 -20,200000
76 1631708275 0,000000 7,400000 35,000000 35,000000 -20,200000
76 1631708276 0,000000 7,400000 35,000000 35,000000 -20,200000
76 1631708277 0,000000 7,400000 35,000000 35,000000 -20,200000
76 1631708278 0,000000 7,400000 35,000000 35,000000 -20,200000
76 1631708279 0,052632 7,600000 35,400000 35,400000 -20,200000
76 1631708280 0,052632 7,600000 35,800000 35,800000 -20,200000
76 1631708281 0,052632 7,600000 36,200000 36,200000 -20,200000
76 1631708282 0,052632 7,600000 36,600000 36,600000 -20,200000
76 1631708283 0,052632 7,600000 37,000000 37,000000 -20,200000
76 1631708284 0,170732 8,200000 38,400000 38,400000 -20,200000
76 1631708285 0,170732 8,200000 39,800000 39,800000 -20,200000
76 1631708286 0,170732 8,200000 41,200000 41,200000 -20,200000
76 1631708287 0,170732 8,200000 42,600000 42,600000 -20,200000
76 1631708288 0,170732 8,200000 44,000000 44,000000 -20,200000
76 1631708289 0,000000 8,200000 44,000000 44,000000 -20,200000
76 1631708290 0,000000 8,200000 44,000000 44,000000 -20,200000
76 1631708291 0,000000 8,200000 44,000000 44,000000 -20,200000
76 1631708292 0,000000 8,200000 44,000000 44,000000 -20,200000
76 1631708293 0,000000 8,200000 44,000000 44,000000 -20,200000
76 1631708294 -0,159091 8,800000 42,600000 42,600000 -20,200000
76 1631708295 -0,159091 8,800000 41,200000 41,200000 -20,200000
76 1631708296 -0,159091 8,800000 39,800000 39,800000 -20,200000
76 1631708297 -0,159091 8,800000 38,400000 38,400000 -20,200000
76 1631708298 -0,159091 8,800000 37,000000 37,000000 -20,200000
76 1631708299 0,000000 8,800000 37,000000 37,000000 -20,200000
76 1631708300 0,000000 8,800000 37,000000 37,000000 -20,200000
76 1631708301 0,000000 8,800000 37,000000 37,000000 -20,200000
76 1631708302 0,000000 8,800000 37,000000 37,000000 -20,200000
76 1631708303 0,000000 8,800000 37,000000 37,000000 -20,200000
76 1631708304 0,000000 8,800000 37,000000 37,000000 -20,200000
76 1631708305 0,000000 8,800000 37,000000 37,000000 -20,200000
76 1631708306 0,000000 8,800000 37,000000 37,000000 -20,200000
76 1631708307 0,000000 8,800000 37,000000 37,000000 -20,200000
76 1631708308 0,000000 8,800000 37,000000 37,000000 -20,200000
76 1631708309 0,000000 8,800000 37,000000 37,000000 -20,200000
76 1631708310 0,000000 8,800000 37,000000 37,000000 -20,200000
76 1631708311 0,000000 8,800000 37,000000 37,000000 -20,200000
76 1631708312 0,000000 8,800000 37,000000 37,000000 -20,200000
76 1631708313 0,000000 8,800000 37,000000 37,000000 -20,200000
76 1631708314 0,080000 10,000000 37,800000 37,800000 -20,200000
76 1631708315 0,080000 10,000000 38,600000 38,600000 -20,200000
76 1631708316 0,080000 10,000000 39,400000 39,400000 -20,200000
76 1631708317 0,080000 10,000000 40,200000 40,200000 -20,200000
76 1631708318 0,080000 10,000000 41,000000 41,000000 -20,200000
76 1631708319 0,132075 10,600000 42,400000 42,400000 -20,200000
76 1631708320 0,132075 10,600000 43,800000 43,800000 -20,200000
76 1631708321 0,132075 10,600000 45,200000 45,200000 -20,200000
76 1631708322 0,132075 10,600000 46,600000 46,600000 -20,200000
76 1631708323 0,132075 10,600000 48,000000 48,000000 -20,200000
76 1631708324 -0,157895 11,400000 46,200000 46,200000 -20,200000
76 1631708325 -0,157895 11,400000 44,400000 44,400000 -20,200000
76 1631708326 -0,157895 11,400000 42,600000 42,600000 -20,200000
76 1631708327 -0,157895 11,400000 40,800000 40,800000 -20,200000
76 1631708328 -0,157895 11,400000 39,000000 39,000000 -20,200000
76 1631708329 0,000000 11,400000 39,000000 39,000000 -20,200000
76 1631708330 0,000000 11,400000 39,000000 39,000000 -20,200000
76 1631708331 0,000000 11,400000 39,000000 39,000000 -20,200000
76 1631708332 0,000000 11,400000 39,000000 39,000000 -20,200000
76 1631708333 0,000000 11,400000 39,000000 39,000000 -20,200000
76 1631708334 0,000000 11,400000 39,000000 39,000000 -20,200000
76 1631708335 0,000000 11,400000 39,000000 39,000000 -20,200000
76 1631708336 0,000000 11,400000 39,000000 39,000000 -20,200000
76 1631708337 0,000000 11,400000 39,000000 39,000000 -20,200000
76 1631708338 0,000000 11,400000 39,000000 39,000000 -20,200000
76 1631708339 0,000000 11,400000 39,000000 39,000000 -20,200000
76 1631708340 0,000000 11,400000 39,000000 39,000000 -20,200000
76 1631708341 0,000000 11,400000 39,000000 39,000000 -20,200000
76 1631708342 0,000000 11,400000 39,000000 39,000000 -20,200000
76 1631708343 0,000000 11,400000 39,000000 39,000000 -20,200000
76 1631708344 0,000000 11,400000 39,000000 39,000000 -20,200000
76 1631708345 0,000000 11,400000 39,000000 39,000000 -20,200000
76 1631708346 0,000000 11,400000 39,000000 39,000000 -20,200000
76 1631708347 0,000000 11,400000 39,000000 39,000000 -20,200000
76 1631708348 0,000000 11,400000 39,000000 39,000000 -20,200000
76 1631708349 0,000000 11,400000 39,000000 39,000000 -20,200000
76 1631708350 0,000000 11,400000 39,000000 39,000000 -20,200000
76 1631708351 0,000000 11,400000 39,000000 39,000000 -20,200000
76 1631708352 0,000000 11,400000 39,000000 39,000000 -20,200000
76 1631708353 0,000000 11,400000 39,000000 39,000000 -20,200000
76 1631708354 0,065574 12,200000 39,800000 39,800000 -20,200000
76 1631708355 0,065574 12,200000 40,600000 40,600000 -20,200000
76 1631708356 0,065574 12,200000 41,400000 41,400000 -20,200000
76 1631708357 0,065574 12,200000 42,200000 42,200000 -20,200000
76 1631708358 0,065574 12,200000 43,000000 43,000000 -20,200000
76 1631708359 0,048387 12,400000 43,600000 43,600000 -20,200000
76 1631708360 0,048387 12,400000 44,200000 44,200000 -20,200000
76 1631708361 0,048387 12,400000 44,800000 44,800000 -20,200000
76 1631708362 0,048387 12,400000 45,400000 45,400000 -20,200000
76 1631708363 0,048387 12,400000 46,000000 46,000000 -20,200000
76 1631708364 -0,107692 13,000000 44,600000 44,600000 -20,200000
76 1631708365 -0,107692 13,000000 43,200000 43,200000 -20,200000
76 1631708366 -0,107692 13,000000 41,800000 41,800000 -20,200000
76 1631708367 -0,107692 13,000000 40,400000 40,400000 -20,200000
76 1631708368 -0,107692 13,000000 39,000000 39,000000 -20,200000
76 1631708369 -0,044776 13,400000 38,400000 38,400000 -20,200000
76 1631708370 -0,044776 13,400000 37,800000 37,800000 -20,200000
76 1631708371 -0,044776 13,400000 37,200000 37,200000 -20,200000
76 1631708372 -0,044776 13,400000 36,600000 36,600000 -20,200000
76 1631708373 -0,044776 13,400000 36,000000 36,000000 -20,200000
76 1631708374 0,044118 13,600000 36,600000 36,600000 -20,200000
76 1631708375 0,044118 13,600000 37,200000 37,200000 -20,200000
76 1631708376 0,044118 13,600000 37,800000 37,800000 -20,200000
76 1631708377 0,044118 13,600000 38,400000 38,400000 -20,200000
76 1631708378 0,044118 13,600000 39,000000 39,000000 -20,200000
76 1631708379 0,000000 13,600000 39,000000 39,000000 -20,200000
76 1631708380 0,000000 13,600000 39,000000 39,000000 -20,200000
76 1631708381 0,000000 13,600000 39,000000 39,000000 -20,200000
76 1631708382 0,000000 13,600000 39,000000 39,000000 -20,200000
76 1631708383 0,000000 13,600000 39,000000 39,000000 -20,200000
76 1631708384 0,000000 13,600000 39,000000 39,000000 -20,200000
76 1631708385 0,000000 13,600000 39,000000 39,000000 -20,200000
76 1631708386 0,000000 13,600000 39,000000 39,000000 -20,200000
76 1631708387 0,000000 13,600000 39,000000 39,000000 -20,200000
76 1631708388 0,000000 13,600000 39,000000 39,000000 -20,200000
76 1631708389 0,000000 13,600000 39,000000 39,000000 -20,200000
76 1631708390 0,000000 13,600000 39,000000 39,000000 -20,200000
76 1631708391 0,000000 13,600000 39,000000 39,000000 -20,200000
76 1631708392 0,000000 13,600000 39,000000 39,000000 -20,200000
76 1631708393 0,000000 13,600000 39,000000 39,000000 -20,200000
76 1631708394 -0,043478 13,800000 38,400000 38,400000 -20,200000
76 1631708395 -0,043478 13,800000 37,800000 37,800000 -20,200000
76 1631708396 -0,043478 13,800000 37,200000 37,200000 -20,200000
76 1631708397 -0,043478 13,800000 36,600000 36,600000 -20,200000
76 1631708398 -0,043478 13,800000 36,000000 36,000000 -20,200000
76 1631708399 0,152778 14,400000 38,200000 38,200000 -20,200000
76 1631708400 0,152778 14,400000 40,400000 40,400000 -20,200000
76 1631708401 0,152778 14,400000 42,600000 42,600000 -20,200000
76 1631708402 0,152778 14,400000 44,800000 44,800000 -20,200000
76 1631708403 0,152778 14,400000 47,000000 47,000000 -20,200000
76 1631708404 0,000000 14,400000 47,000000 47,000000 -20,200000
76 1631708405 0,000000 14,400000 47,000000 47,000000 -20,200000
76 1631708406 0,000000 14,400000 47,000000 47,000000 -20,200000
76 1631708407 0,000000 14,400000 47,000000 47,000000 -20,200000
76 1631708408 0,000000 14,400000 47,000000 47,000000 -20,200000
76 1631708409 -0,108108 14,800000 45,400000 45,400000 -20,200000
76 1631708410 -0,108108 14,800000 43,800000 43,800000 -20,200000
76 1631708411 -0,108108 14,800000 42,200000 42,200000 -20,200000
76 1631708412 -0,108108 14,800000 40,600000 40,600000 -20,200000
76 1631708413 -0,108108 14,800000 39,000000 39,000000 -20,200000
76 1631708414 0,000000 14,800000 39,000000 39,000000 -20,200000
76 1631708415 0,000000 14,800000 39,000000 39,000000 -20,200000
76 1631708416 0,000000 14,800000 39,000000 39,000000 -20,200000
76 1631708417 0,000000 14,800000 39,000000 39,000000 -20,200000
76 1631708418 0,000000 14,800000 39,000000 39,000000 -20,200000
76 1631708419 0,000000 14,800000 39,000000 39,000000 -20,200000
76 1631708420 0,000000 14,800000 39,000000 39,000000 -20,200000
76 1631708421 0,000000 14,800000 39,000000 39,000000 -20,200000
76 1631708422 0,000000 14,800000 39,000000 39,000000 -20,200000
76 1631708423 0,000000 14,800000 39,000000 39,000000 -20,200000
76 1631708424 0,089744 15,600000 40,400000 40,400000 -20,200000
76 1631708425 0,089744 15,600000 41,800000 41,800000 -20,200000
76 1631708426 0,089744 15,600000 43,200000 43,200000 -20,200000
76 1631708427 0,089744 15,600000 44,600000 44,600000 -20,200000
76 1631708428 0,089744 15,600000 46,000000 46,000000 -20,200000
76 1631708429 0,000000 15,600000 46,000000 46,000000 -20,200000
76 1631708430 0,000000 15,600000 46,000000 46,000000 -20,200000
76 1631708431 0,000000 15,600000 46,000000 46,000000 -20,200000
76 1631708432 0,000000 15,600000 46,000000 46,000000 -20,200000
76 1631708433 0,000000 15,600000 46,000000 46,000000 -20,200000
76 1631708434 -0,134146 16,400000 43,800000 43,800000 -20,200000
76 1631708435 -0,134146 16,400000 41,600000 41,600000 -20,200000
76 1631708436 -0,134146 16,400000 39,400000 39,400000 -20,200000
76 1631708437 -0,134146 16,400000 37,200000 37,200000 -20,200000
76 1631708438 -0,134146 16,400000 35,000000 35,000000 -20,200000
76 1631708439 0,000000 16,400000 35,000000 35,000000 -20,200000
76 1631708440 0,000000 16,400000 35,000000 35,000000 -20,200000
76 1631708441 0,000000 16,400000 35,000000 35,000000 -20,200000
76 1631708442 0,000000 16,400000 35,000000 35,000000 -20,200000
76 1631708443 0,000000 16,400000 35,000000 35,000000 -20,200000
76 1631708444 0,024096 16,600000 35,400000 35,400000 -20,200000
76 1631708445 0,024096 16,600000 35,800000 35,800000 -20,200000
76 1631708446 0,024096 16,600000 36,200000 36,200000 -20,200000
76 1631708447 0,024096 16,600000 36,600000 36,600000 -20,200000
76 1631708448 0,024096 16,600000 37,000000 37,000000 -20,200000
76 1631708449 0,000000 16,600000 37,000000 37,000000 -20,200000
76 1631708450 0,000000 16,600000 37,000000 37,000000 -20,200000
76 1631708451 0,000000 16,600000 37,000000 37,000000 -20,200000
76 1631708452 0,000000 16,600000 37,000000 37,000000 -20,200000
76 1631708453 0,000000 16,600000 37,000000 37,000000 -20,200000
76 1631708454 0,000000 16,600000 37,000000 37,000000 -20,200000
76 1631708455 0,000000 16,600000 37,000000 37,000000 -20,200000
76 1631708456 0,000000 16,600000 37,000000 37,000000 -20,200000
76 1631708457 0,000000 16,600000 37,000000 37,000000 -20,200000
76 1631708458 0,000000 16,600000 37,000000 37,000000 -20,200000
76 1631708459 0,000000 16,600000 37,000000 37,000000 -20,200000
76 1631708460 0,000000 16,600000 37,000000 37,000000 -20,200000
76 1631708461 0,000000 16,600000 37,000000 37,000000 -20,200000
76 1631708462 0,000000 16,600000 37,000000 37,000000 -20,200000
76 1631708463 0,000000 16,600000 37,000000 37,000000 -20,200000
76 1631708464 0,000000 16,600000 37,000000 37,000000 -20,200000
76 1631708465 0,000000 16,600000 37,000000 37,000000 -20,200000
76 1631708466 0,000000 16,600000 37,000000 37,000000 -20,200000
76 1631708467 0,000000 16,600000 37,000000 37,000000 -20,200000
76 1631708468 0,000000 16,600000 37,000000 37,000000 -20,200000
76 1631708469 0,000000 16,600000 37,000000 37,000000 -20,200000
76 1631708470 0,000000 16,600000 37,000000 37,000000 -20,200000
76 1631708471 0,000000 16,600000 37,000000 37,000000 -20,200000
76 1631708472 0,000000 16,600000 37,000000 37,000000 -20,200000
76 1631708473 0,000000 16,600000 37,000000 37,000000 -20,200000
76 1631708474 -0,023810 16,800000 36,600000 36,600000 -20,200000
76 1631708475 -0,023810 16,800000 36,200000 36,200000 -20,200000
76 1631708476 -0,023810 16,800000 35,800000 35,800000 -20,200000
76 1631708477 -0,023810 16,800000 35,400000 35,400000 -20,200000
76 1631708478 -0,023810 16,800000 35,000000 35,000000 -20,200000
76 1631708479 -0,045455 17,600000 34,200000 34,200000 -20,200000
76 1631708480 -0,045455 17,600000 33,400000 33,400000 -20,200000
76 1631708481 -0,045455 17,600000 32,600000 32,600000 -20,200000
76 1631708482 -0,045455 17,600000 31,800000 31,800000 -20,200000
76 1631708483 -0,045455 17,600000 31,000000 31,000000 -20,200000
76 1631708484 0,191489 18,800000 34,600000 34,600000 -20,200000
76 1631708485 0,191489 18,800000 38,200000 38,200000 -20,200000
76 1631708486 0,191489 18,800000 41,800000 41,800000 -20,200000
76 1631708487 0,191489 18,800000 45,400000 45,400000 -20,200000
76 1631708488 0,191489 18,800000 49,000000 49,000000 -20,200000
76 1631708489 -0,031250 19,200000 48,400000 48,400000 -20,200000
76 1631708490 -0,031250 19,200000 47,800000 47,800000 -20,200000
76 1631708491 -0,031250 19,200000 47,200000 47,200000 -20,200000
76 1631708492 -0,031250 19,200000 46,600000 46,600000 -20,200000
76 1631708493 -0,031250 19,200000 46,000000 46,000000 -20,200000
76 1631708494 0,000000 20,200000 46,000000 46,000000 -20,200000
76 1631708495 0,000000 20,200000 46,000000 46,000000 -20,200000
76 1631708496 0,000000 20,200000 46,000000 46,000000 -20,200000
76 1631708497 0,000000 20,200000 46,000000 46,000000 -20,200000
76 1631708498 0,000000 20,200000 46,000000 46,000000 -20,200000
76 1631708499 0,000000 20,200000 46,000000 46,000000 -20,200000
76 1631708500 0,000000 20,200000 46,000000 46,000000 -20,200000
76 1631708501 0,000000 20,200000 46,000000 46,000000 -20,200000
76 1631708502 0,000000 20,200000 46,000000 46,000000 -20,200000
76 1631708503 0,000000 20,200000 46,000000 46,000000 -20,200000
76 1631708504 -0,076923 20,800000 44,400000 44,400000 -20,200000
76 1631708505 -0,076923 20,800000 42,800000 42,800000 -20,200000
76 1631708506 -0,076923 20,800000 41,200000 41,200000 -20,200000
76 1631708507 -0,076923 20,800000 39,600000 39,600000 -20,200000
76 1631708508 -0,076923 20,800000 38,000000 38,000000 -20,200000
76 1631708509 0,000000 20,800000 38,000000 38,000000 -20,200000
76 1631708510 0,000000 20,800000 38,000000 38,000000 -20,200000
76 1631708511 0,000000 20,800000 38,000000 38,000000 -20,200000
76 1631708512 0,000000 20,800000 38,000000 38,000000 -20,200000
76 1631708513 0,000000 20,800000 38,000000 38,000000 -20,200000
76 1631708514 0,000000 20,800000 38,000000 38,000000 -20,200000
76 1631708515 0,000000 20,800000 38,000000 38,000000 -20,200000
76 1631708516 0,000000 20,800000 38,000000 38,000000 -20,200000
76 1631708517 0,000000 20,800000 38,000000 38,000000 -20,200000
76 1631708518 0,000000 20,800000 38,000000 38,000000 -20,200000
76 1631708519 -0,019048 21,000000 37,600000 37,600000 -20,200000
76 1631708520 -0,019048 21,000000 37,200000 37,200000 -20,200000
76 1631708521 -0,019048 21,000000 36,800000 36,800000 -20,200000
76 1631708522 -0,019048 21,000000 36,400000 36,400000 -20,200000
76 1631708523 -0,019048 21,000000 36,000000 36,000000 -20,200000
76 1631708524 0,028302 21,200000 36,600000 36,600000 -20,200000
76 1631708525 0,028302 21,200000 37,200000 37,200000 -20,200000
76 1631708526 0,028302 21,200000 37,800000 37,800000 -20,200000
76 1631708527 0,028302 21,200000 38,400000 38,400000 -20,200000
76 1631708528 0,028302 21,200000 39,000000 39,000000 -20,200000
76 1631708529 0,000000 21,200000 39,000000 39,000000 -20,200000
76 1631708530 0,000000 21,200000 39,000000 39,000000 -20,200000
76 1631708531 0,000000 21,200000 39,000000 39,000000 -20,200000
76 1631708532 0,000000 21,200000 39,000000 39,000000 -20,200000
76 1631708533 0,000000 21,200000 39,000000 39,000000 -20,200000
76 1631708534 -0,009346 21,400000 38,800000 38,800000 -20,200000
76 1631708535 -0,009346 21,400000 38,600000 38,600000 -20,200000
76 1631708536 -0,009346 21,400000 38,400000 38,400000 -20,200000
76 1631708537 -0,009346 21,400000 38,200000 38,200000 -20,200000
76 1631708538 -0,009346 21,400000 38,000000 38,000000 -20,200000
76 1631708539 0,000000 21,400000 38,000000 38,000000 -20,200000
76 1631708540 0,000000 21,400000 38,000000 38,000000 -20,200000
76 1631708541 0,000000 21,400000 38,000000 38,000000 -20,200000
76 1631708542 0,000000 21,400000 38,000000 38,000000 -20,200000
76 1631708543 0,000000 21,400000 38,000000 38,000000 -20,200000
76 1631708544 0,000000 21,400000 38,000000 38,000000 -20,200000
76 1631708545 0,000000 21,400000 38,000000 38,000000 -20,200000
76 1631708546 0,000000 21,400000 38,000000 38,000000 -20,200000
76 1631708547 0,000000 21,400000 38,000000 38,000000 -20,200000
76 1631708548 0,000000 21,400000 38,000000 38,000000 -20,200000
76 1631708549 0,000000 21,400000 38,000000 38,000000 -20,200000
76 1631708550 0,000000 21,400000 38,000000 38,000000 -20,200000
76 1631708551 0,000000 21,400000 38,000000 38,000000 -20,200000
76 1631708552 0,000000 21,400000 38,000000 38,000000 -20,200000
76 1631708553 0,000000 21,400000 38,000000 38,000000 -20,200000
76 1631708554 0,000000 21,400000 38,000000 38,000000 -20,200000
76 1631708555 0,000000 21,400000 38,000000 38,000000 -20,200000
76 1631708556 0,000000 21,400000 38,000000 38,000000 -20,200000
76 1631708557 0,000000 21,400000 38,000000 38,000000 -20,200000
76 1631708558 0,000000 21,400000 38,000000 38,000000 -20,200000
76 1631708559 -0,027778 21,600000 37,400000 37,400000 -20,200000
76 1631708560 -0,027778 21,600000 36,800000 36,800000 -20,200000
76 1631708561 -0,027778 21,600000 36,200000 36,200000 -20,200000
76 1631708562 -0,027778 21,600000 35,600000 35,600000 -20,200000
76 1631708563 -0,027778 21,600000 35,000000 35,000000 -20,200000
76 1631708564 0,098214 22,400000 37,200000 37,200000 -20,200000
76 1631708565 0,098214 22,400000 39,400000 39,400000 -20,200000
76 1631708566 0,098214 22,400000 41,600000 41,600000 -20,200000
76 1631708567 0,098214 22,400000 43,800000 43,800000 -20,200000
76 1631708568 0,098214 22,400000 46,000000 46,000000 -20,200000
76 1631708569 0,061404 22,800000 47,400000 47,400000 -20,200000
76 1631708570 0,061404 22,800000 48,800000 48,800000 -20,200000
76 1631708571 0,061404 22,800000 50,200000 50,200000 -20,200000
76 1631708572 0,061404 22,800000 51,600000 51,600000 -20,200000
76 1631708573 0,061404 22,800000 53,000000 53,000000 -20,200000
76 1631708574 -0,134454 23,800000 49,800000 49,800000 -20,200000
76 1631708575 -0,134454 23,800000 46,600000 46,600000 -20,200000
76 1631708576 -0,134454 23,800000 43,400000 43,400000 -20,200000
76 1631708577 -0,134454 23,800000 40,200000 40,200000 -20,200000
76 1631708578 -0,134454 23,800000 37,000000 37,000000 -20,200000
76 1631708579 0,000000 23,800000 37,000000 37,000000 -20,200000
76 1631708580 0,000000 23,800000 37,000000 37,000000 -20,200000
76 1631708581 0,000000 23,800000 37,000000 37,000000 -20,200000
76 1631708582 0,000000 23,800000 37,000000 37,000000 -20,200000
76 1631708583 0,000000 23,800000 37,000000 37,000000 -20,200000
76 1631708584 0,000000 23,800000 37,000000 37,000000 -20,200000
76 1631708585 0,000000 23,800000 37,000000 37,000000 -20,200000
76 1631708586 0,000000 23,800000 37,000000 37,000000 -20,200000
76 1631708587 0,000000 23,800000 37,000000 37,000000 -20,200000
76 1631708588 0,000000 23,800000 37,000000 37,000000 -20,200000
76 1631708589 0,008333 24,000000 37,200000 37,200000 -20,200000
76 1631708590 0,008333 24,000000 37,400000 37,400000 -20,200000
76 1631708591 0,008333 24,000000 37,600000 37,600000 -20,200000
76 1631708592 0,008333 24,000000 37,800000 37,800000 -20,200000
76 1631708593 0,008333 24,000000 38,000000 38,000000 -20,200000
76 1631708594 -0,008197 24,400000 37,800000 37,800000 -20,200000
76 1631708595 -0,008197 24,400000 37,600000 37,600000 -20,200000
76 1631708596 -0,008197 24,400000 37,400000 37,400000 -20,200000
76 1631708597 -0,008197 24,400000 37,200000 37,200000 -20,200000
76 1631708598 -0,008197 24,400000 37,000000 37,000000 -20,200000
76 1631708599 -0,016260 24,600000 36,600000 36,600000 -20,200000
76 1631708600 -0,016260 24,600000 36,200000 36,200000 -20,200000
76 1631708601 -0,016260 24,600000 35,800000 35,800000 -20,200000
76 1631708602 -0,016260 24,600000 35,400000 35,400000 -20,200000
76 1631708603 -0,016260 24,600000 35,000000 35,000000 -20,200000
76 1631708604 0,000000 24,600000 35,000000 35,000000 -20,200000
76 1631708605 0,000000 24,600000 35,000000 35,000000 -20,200000
76 1631708606 0,000000 24,600000 35,000000 35,000000 -20,200000
76 1631708607 0,000000 24,600000 35,000000 35,000000 -20,200000
76 1631708608 0,000000 24,600000 35,000000 35,000000 -20,200000
76 1631708609 0,016129 24,800000 35,400000 35,400000 -20,200000
76 1631708610 0,016129 24,800000 35,800000 35,800000 -20,200000
76 1631708611 0,016129 24,800000 36,200000 36,200000 -20,200000
76 1631708612 0,016129 24,800000 36,600000 36,600000 -20,200000
76 1631708613 0,016129 24,800000 37,000000 37,000000 -20,200000
76 1631708614 0,000000 24,800000 37,000000 37,000000 -20,200000
76 1631708615 0,000000 24,800000 37,000000 37,000000 -20,200000
76 1631708616 0,000000 24,800000 37,000000 37,000000 -20,200000
76 1631708617 0,000000 24,800000 37,000000 37,000000 -20,200000
76 1631708618 0,000000 24,800000 37,000000 37,000000 -20,200000
76 1631708619 0,000000 24,800000 37,000000 37,000000 -20,200000
76 1631708620 0,000000 24,800000 37,000000 37,000000 -20,200000
76 1631708621 0,000000 24,800000 37,000000 37,000000 -20,200000
76 1631708622 0,000000 24,800000 37,000000 37,000000 -20,200000
76 1631708623 0,000000 24,800000 37,000000 37,000000 -20,200000
76 1631708624 0,000000 24,800000 37,000000 37,000000 -20,200000
76 1631708625 0,000000 24,800000 37,000000 37,000000 -20,200000
76 1631708626 0,000000 24,800000 37,000000 37,000000 -20,200000
76 1631708627 0,000000 24,800000 37,000000 37,000000 -20,200000
76 1631708628 0,000000 24,800000 37,000000 37,000000 -20,200000
76 1631708629 0,055118 25,400000 38,400000 38,400000 -20,200000
76 1631708630 0,055118 25,400000 39,800000 39,800000 -20,200000
76 1631708631 0,055118 25,400000 41,200000 41,200000 -20,200000
76 1631708632 0,055118 25,400000 42,600000 42,600000 -20,200000
76 1631708633 0,055118 25,400000 44,000000 44,000000 -20,200000
76 1631708634 0,000000 25,400000 44,000000 44,000000 -20,200000
76 1631708635 0,000000 25,400000 44,000000 44,000000 -20,200000
76 1631708636 0,000000 25,400000 44,000000 44,000000 -20,200000
76 1631708637 0,000000 25,400000 44,000000 44,000000 -20,200000
76 1631708638 0,000000 25,400000 44,000000 44,000000 -20,200000
76 1631708639 -0,068702 26,200000 42,200000 42,200000 -20,200000
76 1631708640 -0,068702 26,200000 40,400000 40,400000 -20,200000
76 1631708641 -0,068702 26,200000 38,600000 38,600000 -20,200000
76 1631708642 -0,068702 26,200000 36,800000 36,800000 -20,200000
76 1631708643 -0,068702 26,200000 35,000000 35,000000 -20,200000
76 1631708644 -0,014925 26,800000 34,600000 34,600000 -20,200000
76 1631708645 -0,014925 26,800000 34,200000 34,200000 -20,200000
76 1631708646 -0,014925 26,800000 33,800000 33,800000 -20,200000
76 1631708647 -0,014925 26,800000 33,400000 33,400000 -20,200000
76 1631708648 -0,014925 26,800000 33,000000 33,000000 -20,200000
76 1631708649 0,014815 27,000000 33,400000 33,400000 -20,200000
76 1631708650 0,014815 27,000000 33,800000 33,800000 -20,200000
76 1631708651 0,014815 27,000000 34,200000 34,200000 -20,200000
76 1631708652 0,014815 27,000000 34,600000 34,600000 -20,200000
76 1631708653 0,014815 27,000000 35,000000 35,000000 -20,200000
76 1631708654 0,063830 28,200000 36,800000 36,800000 -20,200000
76 1631708655 0,063830 28,200000 38,600000 38,600000 -20,200000
76 1631708656 0,063830 28,200000 40,400000 40,400000 -20,200000
76 1631708657 0,063830 28,200000 42,200000 42,200000 -20,200000
76 1631708658 0,063830 28,200000 44,000000 44,000000 -20,200000
76 1631708659 -0,048951 28,600000 42,600000 42,600000 -20,200000
76 1631708660 -0,048951 28,600000 41,200000 41,200000 -20,200000
76 1631708661 -0,048951 28,600000 39,800000 39,800000 -20,200000
76 1631708662 -0,048951 28,600000 38,400000 38,400000 -20,200000
76 1631708663 -0,048951 28,600000 37,000000 37,000000 -20,200000
76 1631708664 0,000000 28,600000 37,000000 37,000000 -20,200000
76 1631708665 0,000000 28,600000 37,000000 37,000000 -20,200000
76 1631708666 0,000000 28,600000 37,000000 37,000000 -20,200000
76 1631708667 0,000000 28,600000 37,000000 37,000000 -20,200000
76 1631708668 0,000000 28,600000 37,000000 37,000000 -20,200000
76 1631708669 0,000000 28,600000 37,000000 37,000000 -20,200000
76 1631708670 0,000000 28,600000 37,000000 37,000000 -20,200000
76 1631708671 0,000000 28,600000 37,000000 37,000000 -20,200000
76 1631708672 0,000000 28,600000 37,000000 37,000000 -20,200000
76 1631708673 0,000000 28,600000 37,000000 37,000000 -20,200000
76 1631708674 0,000000 28,600000 37,000000 37,000000 -20,200000
76 1631708675 0,000000 28,600000 37,000000 37,000000 -20,200000
76 1631708676 0,000000 28,600000 37,000000 37,000000 -20,200000
76 1631708677 0,000000 28,600000 37,000000 37,000000 -20,200000
76 1631708739 0,000000 1,000000 44,000000 44,000000 10201,000000
76 1631708738 6,000000 0,200000 44,000000 44,000000 2040,488000
76 1631708737 6,000000 0,200000 42,800000 42,800000 2040,488000
76 1631708736 6,000000 0,200000 41,600000 41,600000 2040,488000
76 1631708735 6,000000 0,200000 40,400000 40,400000 2040,488000
76 1631708734 6,000000 0,200000 39,200000 39,200000 2040,488000
76 1631708733 3,000000 0,200000 38,000000 38,000000 2040,272000
76 1631708732 3,000000 0,200000 37,400000 37,400000 2040,272000
76 1631708731 3,000000 0,200000 36,800000 36,800000 2040,272000
76 1631708730 3,000000 0,200000 36,200000 36,200000 2040,272000
76 1631708729 3,000000 0,200000 35,600000 35,600000 2040,272000
76 1631708728 -2,000000 0,200000 35,000000 35,000000 2040,232000
76 1631708727 -2,000000 0,200000 35,400000 35,400000 2040,232000
76 1631708726 -2,000000 0,200000 35,800000 35,800000 2040,232000
76 1631708725 -2,000000 0,200000 36,200000 36,200000 2040,232000
76 1631708724 -2,000000 0,200000 36,600000 36,600000 2040,232000
76 1631708723 0,000000 0,200000 37,000000 37,000000 2040,200000
76 1631708722 0,000000 0,200000 37,000000 37,000000 2040,200000
76 1631708721 0,000000 0,200000 37,000000 37,000000 2040,200000
76 1631708720 0,000000 0,200000 37,000000 37,000000 2040,200000
76 1631708719 0,000000 0,200000 37,000000 37,000000 2040,200000
76 1631708718 0,000000 0,200000 37,000000 37,000000 2040,200000
76 1631708717 0,000000 0,200000 37,000000 37,000000 2040,200000
76 1631708716 0,000000 0,200000 37,000000 37,000000 2040,200000
76 1631708715 0,000000 0,200000 37,000000 37,000000 2040,200000
76 1631708714 0,000000 0,200000 37,000000 37,000000 2040,200000
76 1631708713 -5,000000 0,200000 37,000000 37,000000 2040,400000
76 1631708712 -5,000000 0,200000 38,000000 38,000000 2040,400000
76 1631708711 -5,000000 0,200000 39,000000 39,000000 2040,400000
76 1631708710 -5,000000 0,200000 40,000000 40,000000 2040,400000
76 1631708709 -5,000000 0,200000 41,000000 41,000000 2040,400000
76 1631708708 -2,000000 0,200000 42,000000 42,000000 2040,232000
76 1631708707 -2,000000 0,200000 42,400000 42,400000 2040,232000
76 1631708706 -2,000000 0,200000 42,800000 42,800000 2040,232000
76 1631708705 -2,000000 0,200000 43,200000 43,200000 2040,232000
76 1631708704 -2,000000 0,200000 43,600000 43,600000 2040,232000
76 1631708703 7,000000 0,200000 44,000000 44,000000 2040,592000
76 1631708702 7,000000 0,200000 42,600000 42,600000 2040,592000
76 1631708701 7,000000 0,200000 41,200000 41,200000 2040,592000
76 1631708700 7,000000 0,200000 39,800000 39,800000 2040,592000
76 1631708699 7,000000 0,200000 38,400000 38,400000 2040,592000
76 1631708698 0,000000 0,200000 37,000000 37,000000 2040,200000
76 1631708697 0,000000 0,200000 37,000000 37,000000 2040,200000
76 1631708696 0,000000 0,200000 37,000000 37,000000 2040,200000
76 1631708695 0,000000 0,200000 37,000000 37,000000 2040,200000
76 1631708694 0,000000 0,200000 37,000000 37,000000 2040,200000
76 1631708693 2,000000 0,200000 37,000000 37,000000 2040,232000
76 1631708692 2,000000 0,200000 36,600000 36,600000 2040,232000
76 1631708691 2,000000 0,200000 36,200000 36,200000 2040,232000
76 1631708690 2,000000 0,200000 35,800000 35,800000 2040,232000
76 1631708689 2,000000 0,200000 35,400000 35,400000 2040,232000
76 1631708688 0,000000 0,200000 35,000000 35,000000 2040,200000
76 1631708687 0,000000 0,200000 35,000000 35,000000 2040,200000
76 1631708686 0,000000 0,200000 35,000000 35,000000 2040,200000
76 1631708685 0,000000 0,200000 35,000000 35,000000 2040,200000
76 1631708684 0,000000 0,200000 35,000000 35,000000 2040,200000
76 1631708683 -2,000000 0,200000 35,000000 35,000000 2040,232000
76 1631708682 -2,000000 0,200000 35,400000 35,400000 2040,232000
76 1631708681 -2,000000 0,200000 35,800000 35,800000 2040,232000
76 1631708680 -2,000000 0,200000 36,200000 36,200000 2040,232000
76 1631708679 -2,000000 0,200000 36,600000 36,600000 2040,232000
76 1631708678 0,000000 0,200000 37,000000 37,000000 2040,200000
76 1631708678 0,000000 28,600000 37,000000 37,000000 -20,200000
76 1631708679 -0,013889 28,800000 36,600000 36,600000 -20,200000
76 1631708680 -0,013889 28,800000 36,200000 36,200000 -20,200000
76 1631708681 -0,013889 28,800000 35,800000 35,800000 -20,200000
76 1631708682 -0,013889 28,800000 35,400000 35,400000 -20,200000
76 1631708683 -0,013889 28,800000 35,000000 35,000000 -20,200000
76 1631708684 0,000000 28,800000 35,000000 35,000000 -20,200000
76 1631708685 0,000000 28,800000 35,000000 35,000000 -20,200000
76 1631708686 0,000000 28,800000 35,000000 35,000000 -20,200000
76 1631708687 0,000000 28,800000 35,000000 35,000000 -20,200000
76 1631708688 0,000000 28,800000 35,000000 35,000000 -20,200000
76 1631708689 0,013793 29,000000 35,400000 35,400000 -20,200000
76 1631708690 0,013793 29,000000 35,800000 35,800000 -20,200000
76 1631708691 0,013793 29,000000 36,200000 36,200000 -20,200000
76 1631708692 0,013793 29,000000 36,600000 36,600000 -20,200000
76 1631708693 0,013793 29,000000 37,000000 37,000000 -20,200000
76 1631708694 0,000000 29,000000 37,000000 37,000000 -20,200000
76 1631708695 0,000000 29,000000 37,000000 37,000000 -20,200000
76 1631708696 0,000000 29,000000 37,000000 37,000000 -20,200000
76 1631708697 0,000000 29,000000 37,000000 37,000000 -20,200000
76 1631708698 0,000000 29,000000 37,000000 37,000000 -20,200000
76 1631708699 0,046980 29,800000 38,400000 38,400000 -20,200000
76 1631708700 0,046980 29,800000 39,800000 39,800000 -20,200000
76 1631708701 0,046980 29,800000 41,200000 41,200000 -20,200000
76 1631708702 0,046980 29,800000 42,600000 42,600000 -20,200000
76 1631708703 0,046980 29,800000 44,000000 44,000000 -20,200000
76 1631708704 -0,013333 30,000000 43,600000 43,600000 -20,200000
76 1631708705 -0,013333 30,000000 43,200000 43,200000 -20,200000
76 1631708706 -0,013333 30,000000 42,800000 42,800000 -20,200000
76 1631708707 -0,013333 30,000000 42,400000 42,400000 -20,200000
76 1631708708 -0,013333 30,000000 42,000000 42,000000 -20,200000
76 1631708709 -0,032468 30,800000 41,000000 41,000000 -20,200000
76 1631708710 -0,032468 30,800000 40,000000 40,000000 -20,200000
76 1631708711 -0,032468 30,800000 39,000000 39,000000 -20,200000
76 1631708712 -0,032468 30,800000 38,000000 38,000000 -20,200000
76 1631708713 -0,032468 30,800000 37,000000 37,000000 -20,200000
76 1631708714 0,000000 30,800000 37,000000 37,000000 -20,200000
76 1631708715 0,000000 30,800000 37,000000 37,000000 -20,200000
76 1631708716 0,000000 30,800000 37,000000 37,000000 -20,200000
76 1631708717 0,000000 30,800000 37,000000 37,000000 -20,200000
76 1631708718 0,000000 30,800000 37,000000 37,000000 -20,200000
76 1631708719 0,000000 30,800000 37,000000 37,000000 -20,200000
76 1631708720 0,000000 30,800000 37,000000 37,000000 -20,200000
76 1631708721 0,000000 30,800000 37,000000 37,000000 -20,200000
76 1631708722 0,000000 30,800000 37,000000 37,000000 -20,200000
76 1631708723 0,000000 30,800000 37,000000 37,000000 -20,200000
76 1631708724 -0,012903 31,000000 36,600000 36,600000 -20,200000
76 1631708725 -0,012903 31,000000 36,200000 36,200000 -20,200000
76 1631708726 -0,012903 31,000000 35,800000 35,800000 -20,200000
76 1631708727 -0,012903 31,000000 35,400000 35,400000 -20,200000
76 1631708728 -0,012903 31,000000 35,000000 35,000000 -20,200000
76 1631708729 0,019231 31,200000 35,600000 35,600000 -20,200000
76 1631708730 0,019231 31,200000 36,200000 36,200000 -20,200000
76 1631708731 0,019231 31,200000 36,800000 36,800000 -20,200000
76 1631708732 0,019231 31,200000 37,400000 37,400000 -20,200000
76 1631708733 0,019231 31,200000 38,000000 38,000000 -20,200000
76 1631708734 0,037975 31,600000 39,200000 39,200000 -20,200000
76 1631708735 0,037975 31,600000 40,400000 40,400000 -20,200000
76 1631708736 0,037975 31,600000 41,600000 41,600000 -20,200000
76 1631708737 0,037975 31,600000 42,800000 42,800000 -20,200000
76 1631708738 0,037975 31,600000 44,000000 44,000000 -20,200000
76 1631708739 0,000000 31,600000 44,000000 44,000000 -20,200000
76 1631708740 0,000000 31,600000 44,000000 44,000000 -20,200000
76 1631708741 0,000000 31,600000 44,000000 44,000000 -20,200000
76 1631708742 0,000000 31,600000 44,000000 44,000000 -20,200000
76 1631708743 0,000000 31,600000 44,000000 44,000000 -20,200000
76 1631708744 -0,037500 32,000000 42,800000 42,800000 -20,200000
76 1631708745 -0,037500 32,000000 41,600000 41,600000 -20,200000
76 1631708746 -0,037500 32,000000 40,400000 40,400000 -20,200000
76 1631708747 -0,037500 32,000000 39,200000 39,200000 -20,200000
76 1631708748 -0,037500 32,000000 38,000000 38,000000 -20,200000
76 1631708749 0,000000 32,000000 38,000000 38,000000 -20,200000
76 1631708750 0,000000 32,000000 38,000000 38,000000 -20,200000
76 1631708751 0,000000 32,000000 38,000000 38,000000 -20,200000
76 1631708752 0,000000 32,000000 38,000000 38,000000 -20,200000
76 1631708753 0,000000 32,000000 38,000000 38,000000 -20,200000
76 1631708754 -0,006211 32,200000 37,800000 37,800000 -20,200000
76 1631708755 -0,006211 32,200000 37,600000 37,600000 -20,200000
76 1631708756 -0,006211 32,200000 37,400000 37,400000 -20,200000
76 1631708757 -0,006211 32,200000 37,200000 37,200000 -20,200000
76 1631708758 -0,006211 32,200000 37,000000 37,000000 -20,200000
76 1631708759 0,000000 32,200000 37,000000 37,000000 -20,200000
76 1631708760 0,000000 32,200000 37,000000 37,000000 -20,200000
76 1631708761 0,000000 32,200000 37,000000 37,000000 -20,200000
76 1631708762 0,000000 32,200000 37,000000 37,000000 -20,200000
76 1631708763 0,000000 32,200000 37,000000 37,000000 -20,200000
76 1631708764 -0,018519 32,400000 36,400000 36,400000 -20,200000
76 1631708765 -0,018519 32,400000 35,800000 35,800000 -20,200000
76 1631708766 -0,018519 32,400000 35,200000 35,200000 -20,200000
76 1631708767 -0,018519 32,400000 34,600000 34,600000 -20,200000
76 1631708768 -0,018519 32,400000 34,000000 34,000000 -20,200000
76 1631708769 0,060241 33,200000 36,000000 36,000000 -20,200000
76 1631708770 0,060241 33,200000 38,000000 38,000000 -20,200000
76 1631708771 0,060241 33,200000 40,000000 40,000000 -20,200000
76 1631708772 0,060241 33,200000 42,000000 42,000000 -20,200000
76 1631708773 0,060241 33,200000 44,000000 44,000000 -20,200000
76 1631708774 0,000000 33,200000 44,000000 44,000000 -20,200000
76 1631708775 0,000000 33,200000 44,000000 44,000000 -20,200000
76 1631708776 0,000000 33,200000 44,000000 44,000000 -20,200000
76 1631708777 0,000000 33,200000 44,000000 44,000000 -20,200000
76 1631708778 0,000000 33,200000 44,000000 44,000000 -20,200000
76 1631708779 -0,047337 33,800000 42,400000 42,400000 -20,200000
76 1631708780 -0,047337 33,800000 40,800000 40,800000 -20,200000
76 1631708781 -0,047337 33,800000 39,200000 39,200000 -20,200000
76 1631708782 -0,047337 33,800000 37,600000 37,600000 -20,200000
76 1631708783 -0,047337 33,800000 36,000000 36,000000 -20,200000
76 1631708784 0,000000 33,800000 36,000000 36,000000 -20,200000
76 1631708785 0,000000 33,800000 36,000000 36,000000 -20,200000
76 1631708786 0,000000 33,800000 36,000000 36,000000 -20,200000
76 1631708787 0,000000 33,800000 36,000000 36,000000 -20,200000
76 1631708788 0,000000 33,800000 36,000000 36,000000 -20,200000
76 1631708789 0,000000 33,800000 36,000000 36,000000 -20,200000
76 1631708790 0,000000 33,800000 36,000000 36,000000 -20,200000
76 1631708791 0,000000 33,800000 36,000000 36,000000 -20,200000
76 1631708792 0,000000 33,800000 36,000000 36,000000 -20,200000
76 1631708793 0,000000 33,800000 36,000000 36,000000 -20,200000
76 1631708794 0,000000 33,800000 36,000000 36,000000 -20,200000
76 1631708795 0,000000 33,800000 36,000000 36,000000 -20,200000
76 1631708796 0,000000 33,800000 36,000000 36,000000 -20,200000
76 1631708797 0,000000 33,800000 36,000000 36,000000 -20,200000
76 1631708798 0,000000 33,800000 36,000000 36,000000 -20,200000
76 1631708799 0,000000 33,800000 36,000000 36,000000 -20,200000
76 1631708800 0,000000 33,800000 36,000000 36,000000 -20,200000
76 1631708801 0,000000 33,800000 36,000000 36,000000 -20,200000
76 1631708802 0,000000 33,800000 36,000000 36,000000 -20,200000
76 1631708803 0,000000 33,800000 36,000000 36,000000 -20,200000
76 1631708804 -0,011765 34,000000 35,600000 35,600000 -20,200000
76 1631708805 -0,011765 34,000000 35,200000 35,200000 -20,200000
76 1631708806 -0,011765 34,000000 34,800000 34,800000 -20,200000
76 1631708807 -0,011765 34,000000 34,400000 34,400000 -20,200000
76 1631708808 -0,011765 34,000000 34,000000 34,000000 -20,200000
76 1631708809 0,017442 34,400000 34,600000 34,600000 -20,200000
76 1631708810 0,017442 34,400000 35,200000 35,200000 -20,200000
76 1631708811 0,017442 34,400000 35,800000 35,800000 -20,200000
76 1631708812 0,017442 34,400000 36,400000 36,400000 -20,200000
76 1631708813 0,017442 34,400000 37,000000 37,000000 -20,200000
76 1631708814 -0,022857 35,000000 36,200000 36,200000 -20,200000
76 1631708815 -0,022857 35,000000 35,400000 35,400000 -20,200000
76 1631708816 -0,022857 35,000000 34,600000 34,600000 -20,200000
76 1631708817 -0,022857 35,000000 33,800000 33,800000 -20,200000
76 1631708818 -0,022857 35,000000 33,000000 33,000000 -20,200000
76 1631708819 0,065934 36,400000 35,400000 35,400000 -20,200000
76 1631708820 0,065934 36,400000 37,800000 37,800000 -20,200000
76 1631708821 0,065934 36,400000 40,200000 40,200000 -20,200000
76 1631708822 0,065934 36,400000 42,600000 42,600000 -20,200000
76 1631708823 0,065934 36,400000 45,000000 45,000000 -20,200000
76 1631708824 0,000000 36,400000 45,000000 45,000000 -20,200000
76 1631708825 0,000000 36,400000 45,000000 45,000000 -20,200000
76 1631708826 0,000000 36,400000 45,000000 45,000000 -20,200000
76 1631708827 0,000000 36,400000 45,000000 45,000000 -20,200000
76 1631708828 0,000000 36,400000 45,000000 45,000000 -20,200000
76 1631708829 -0,038043 36,800000 43,600000 43,600000 -20,200000
76 1631708830 -0,038043 36,800000 42,200000 42,200000 -20,200000
76 1631708831 -0,038043 36,800000 40,800000 40,800000 -20,200000
76 1631708832 -0,038043 36,800000 39,400000 39,400000 -20,200000
76 1631708833 -0,038043 36,800000 38,000000 38,000000 -20,200000
76 1631708834 0,000000 36,800000 38,000000 38,000000 -20,200000
76 1631708835 0,000000 36,800000 38,000000 38,000000 -20,200000
76 1631708836 0,000000 36,800000 38,000000 38,000000 -20,200000
76 1631708837 0,000000 36,800000 38,000000 38,000000 -20,200000
76 1631708838 0,000000 36,800000 38,000000 38,000000 -20,200000
76 1631708839 0,042781 37,400000 39,600000 39,600000 -20,200000
76 1631708840 0,042781 37,400000 41,200000 41,200000 -20,200000
76 1631708841 0,042781 37,400000 42,800000 42,800000 -20,200000
76 1631708842 0,042781 37,400000 44,400000 44,400000 -20,200000
76 1631708843 0,042781 37,400000 46,000000 46,000000 -20,200000
76 1631708844 -0,015957 37,600000 45,400000 45,400000 -20,200000
76 1631708845 -0,015957 37,600000 44,800000 44,800000 -20,200000
76 1631708846 -0,015957 37,600000 44,200000 44,200000 -20,200000
76 1631708847 -0,015957 37,600000 43,600000 43,600000 -20,200000
76 1631708848 -0,015957 37,600000 43,000000 43,000000 -20,200000
76 1631708849 -0,041885 38,200000 41,400000 41,400000 -20,200000
76 1631708850 -0,041885 38,200000 39,800000 39,800000 -20,200000
76 1631708851 -0,041885 38,200000 38,200000 38,200000 -20,200000
76 1631708852 -0,041885 38,200000 36,600000 36,600000 -20,200000
76 1631708853 -0,041885 38,200000 35,000000 35,000000 -20,200000
76 1631708854 0,010417 38,400000 35,400000 35,400000 -20,200000
76 1631708855 0,010417 38,400000 35,800000 35,800000 -20,200000
76 1631708856 0,010417 38,400000 36,200000 36,200000 -20,200000
76 1631708857 0,010417 38,400000 36,600000 36,600000 -20,200000
76 1631708858 0,010417 38,400000 37,000000 37,000000 -20,200000
76 1631708859 0,000000 38,400000 37,000000 37,000000 -20,200000
76 1631708860 0,000000 38,400000 37,000000 37,000000 -20,200000
76 1631708861 0,000000 38,400000 37,000000 37,000000 -20,200000
76 1631708862 0,000000 38,400000 37,000000 37,000000 -20,200000
76 1631708863 0,000000 38,400000 37,000000 37,000000 -20,200000
76 1631708864 0,005181 38,600000 37,200000 37,200000 -20,200000
76 1631708865 0,005181 38,600000 37,400000 37,400000 -20,200000
76 1631708866 0,005181 38,600000 37,600000 37,600000 -20,200000
76 1631708867 0,005181 38,600000 37,800000 37,800000 -20,200000
76 1631708868 0,005181 38,600000 38,000000 38,000000 -20,200000
76 1631708869 0,000000 38,600000 38,000000 38,000000 -20,200000
76 1631708870 0,000000 38,600000 38,000000 38,000000 -20,200000
76 1631708871 0,000000 38,600000 38,000000 38,000000 -20,200000
76 1631708872 0,000000 38,600000 38,000000 38,000000 -20,200000
76 1631708873 0,000000 38,600000 38,000000 38,000000 -20,200000
76 1631708874 0,000000 38,600000 38,000000 38,000000 -20,200000
76 1631708875 0,000000 38,600000 38,000000 38,000000 -20,200000
76 1631708876 0,000000 38,600000 38,000000 38,000000 -20,200000
76 1631708877 0,000000 38,600000 38,000000 38,000000 -20,200000
76 1631708878 0,000000 38,600000 38,000000 38,000000 -20,200000
76 1631708879 0,000000 38,600000 38,000000 38,000000 -20,200000
76 1631708880 0,000000 38,600000 38,000000 38,000000 -20,200000
76 1631708881 0,000000 38,600000 38,000000 38,000000 -20,200000
76 1631708882 0,000000 38,600000 38,000000 38,000000 -20,200000
76 1631708883 0,000000 38,600000 38,000000 38,000000 -20,200000
76 1631708884 -0,010309 38,800000 37,600000 37,600000 -20,200000
76 1631708885 -0,010309 38,800000 37,200000 37,200000 -20,200000
76 1631708886 -0,010309 38,800000 36,800000 36,800000 -20,200000
76 1631708887 -0,010309 38,800000 36,400000 36,400000 -20,200000
76 1631708888 -0,010309 38,800000 36,000000 36,000000 -20,200000
76 1631708889 0,000000 38,800000 36,000000 36,000000 -20,200000
76 1631708890 0,000000 38,800000 36,000000 36,000000 -20,200000
76 1631708891 0,000000 38,800000 36,000000 36,000000 -20,200000
76 1631708892 0,000000 38,800000 36,000000 36,000000 -20,200000
76 1631708893 0,000000 38,800000 36,000000 36,000000 -20,200000
76 1631708894 0,010256 39,000000 36,400000 36,400000 -20,200000
76 1631708895 0,010256 39,000000 36,800000 36,800000 -20,200000
76 1631708896 0,010256 39,000000 37,200000 37,200000 -20,200000
76 1631708897 0,010256 39,000000 37,600000 37,600000 -20,200000
76 1631708898 0,010256 39,000000 38,000000 38,000000 -20,200000
76 1631708899 0,000000 39,000000 38,000000 38,000000 -20,200000
76 1631708900 0,000000 39,000000 38,000000 38,000000 -20,200000
76 1631708901 0,000000 39,000000 38,000000 38,000000 -20,200000
76 1631708902 0,000000 39,000000 38,000000 38,000000 -20,200000
76 1631708903 0,000000 39,000000 38,000000 38,000000 -20,200000
76 1631708904 0,035533 39,400000 39,400000 39,400000 -20,200000
76 1631708905 0,035533 39,400000 40,800000 40,800000 -20,200000
76 1631708906 0,035533 39,400000 42,200000 42,200000 -20,200000
76 1631708907 0,035533 39,400000 43,600000 43,600000 -20,200000
76 1631708908 0,035533 39,400000 45,000000 45,000000 -20,200000
76 1631708909 0,035000 40,000000 46,400000 46,400000 -20,200000
76 1631708910 0,035000 40,000000 47,800000 47,800000 -20,200000
76 1631708911 0,035000 40,000000 49,200000 49,200000 -20,200000
76 1631708912 0,035000 40,000000 50,600000 50,600000 -20,200000
76 1631708913 0,035000 40,000000 52,000000 52,000000 -20,200000
76 1631708914 -0,034653 40,400000 50,600000 50,600000 -20,200000
76 1631708915 -0,034653 40,400000 49,200000 49,200000 -20,200000
76 1631708916 -0,034653 40,400000 47,800000 47,800000 -20,200000
76 1631708917 -0,034653 40,400000 46,400000 46,400000 -20,200000
76 1631708918 -0,034653 40,400000 45,000000 45,000000 -20,200000
76 1631708919 -0,038835 41,200000 43,400000 43,400000 -20,200000
76 1631708920 -0,038835 41,200000 41,800000 41,800000 -20,200000
76 1631708921 -0,038835 41,200000 40,200000 40,200000 -20,200000
76 1631708922 -0,038835 41,200000 38,600000 38,600000 -20,200000
76 1631708923 -0,038835 41,200000 37,000000 37,000000 -20,200000
76 1631708924 -0,014493 41,400000 36,400000 36,400000 -20,200000
76 1631708925 -0,014493 41,400000 35,800000 35,800000 -20,200000
76 1631708926 -0,014493 41,400000 35,200000 35,200000 -20,200000
76 1631708927 -0,014493 41,400000 34,600000 34,600000 -20,200000
76 1631708928 -0,014493 41,400000 34,000000 34,000000 -20,200000
76 1631708929 0,000000 41,800000 34,000000 34,000000 -20,200000
76 1631708930 0,000000 41,800000 34,000000 34,000000 -20,200000
76 1631708931 0,000000 41,800000 34,000000 34,000000 -20,200000
76 1631708932 0,000000 41,800000 34,000000 34,000000 -20,200000
76 1631708933 0,000000 41,800000 34,000000 34,000000 -20,200000
76 1631708934 0,014286 42,000000 34,600000 34,600000 -20,200000
76 1631708935 0,014286 42,000000 35,200000 35,200000 -20,200000
76 1631708936 0,014286 42,000000 35,800000 35,800000 -20,200000
76 1631708937 0,014286 42,000000 36,400000 36,400000 -20,200000
76 1631708938 0,014286 42,000000 37,000000 37,000000 -20,200000
76 1631708939 0,000000 42,000000 37,000000 37,000000 -20,200000
76 1631708940 0,000000 42,000000 37,000000 37,000000 -20,200000
76 1631708941 0,000000 42,000000 37,000000 37,000000 -20,200000
76 1631708942 0,000000 42,000000 37,000000 37,000000 -20,200000
76 1631708943 0,000000 42,000000 37,000000 37,000000 -20,200000
76 1631708944 0,000000 42,000000 37,000000 37,000000 -20,200000
76 1631708945 0,000000 42,000000 37,000000 37,000000 -20,200000
76 1631708946 0,000000 42,000000 37,000000 37,000000 -20,200000
76 1631708947 0,000000 42,000000 37,000000 37,000000 -20,200000
76 1631708948 0,000000 42,000000 37,000000 37,000000 -20,200000
76 1631708949 0,000000 42,000000 37,000000 37,000000 -20,200000
76 1631708950 0,000000 42,000000 37,000000 37,000000 -20,200000
76 1631708951 0,000000 42,000000 37,000000 37,000000 -20,200000
76 1631708952 0,000000 42,000000 37,000000 37,000000 -20,200000
76 1631708953 0,000000 42,000000 37,000000 37,000000 -20,200000
76 1631708954 0,000000 42,000000 37,000000 37,000000 -20,200000
76 1631708955 0,000000 42,000000 37,000000 37,000000 -20,200000
76 1631708956 0,000000 42,000000 37,000000 37,000000 -20,200000
76 1631708957 0,000000 42,000000 37,000000 37,000000 -20,200000
76 1631708958 0,000000 42,000000 37,000000 37,000000 -20,200000
76 1631708959 0,000000 42,000000 37,000000 37,000000 -20,200000
76 1631708960 0,000000 42,000000 37,000000 37,000000 -20,200000
76 1631708961 0,000000 42,000000 37,000000 37,000000 -20,200000
76 1631708962 0,000000 42,000000 37,000000 37,000000 -20,200000
76 1631708963 0,000000 42,000000 37,000000 37,000000 -20,200000
76 1631708964 0,000000 42,000000 37,000000 37,000000 -20,200000
76 1631708965 0,000000 42,000000 37,000000 37,000000 -20,200000
76 1631708966 0,000000 42,000000 37,000000 37,000000 -20,200000
76 1631708967 0,000000 42,000000 37,000000 37,000000 -20,200000
76 1631708968 0,000000 42,000000 37,000000 37,000000 -20,200000
76 1631708969 -0,014218 42,200000 36,400000 36,400000 -20,200000
76 1631708970 -0,014218 42,200000 35,800000 35,800000 -20,200000
76 1631708971 -0,014218 42,200000 35,200000 35,200000 -20,200000
76 1631708972 -0,014218 42,200000 34,600000 34,600000 -20,200000
76 1631708973 -0,014218 42,200000 34,000000 34,000000 -20,200000
76 1631708974 0,037037 43,200000 35,600000 35,600000 -20,200000
76 1631708975 0,037037 43,200000 37,200000 37,200000 -20,200000
76 1631708976 0,037037 43,200000 38,800000 38,800000 -20,200000
76 1631708977 0,037037 43,200000 40,400000 40,400000 -20,200000
76 1631708978 0,037037 43,200000 42,000000 42,000000 -20,200000
76 1631708979 -0,009174 43,600000 41,600000 41,600000 -20,200000
76 1631708980 -0,009174 43,600000 41,200000 41,200000 -20,200000
76 1631708981 -0,009174 43,600000 40,800000 40,800000 -20,200000
76 1631708982 -0,009174 43,600000 40,400000 40,400000 -20,200000
76 1631708983 -0,009174 43,600000 40,000000 40,000000 -20,200000
76 1631708984 -0,017778 45,000000 39,200000 39,200000 -20,200000
76 1631708985 -0,017778 45,000000 38,400000 38,400000 -20,200000
76 1631708986 -0,017778 45,000000 37,600000 37,600000 -20,200000
76 1631708987 -0,017778 45,000000 36,800000 36,800000 -20,200000
76 1631708988 -0,017778 45,000000 36,000000 36,000000 -20,200000
76 1631708989 0,035242 45,400000 37,600000 37,600000 -20,200000
76 1631708990 0,035242 45,400000 39,200000 39,200000 -20,200000
76 1631708991 0,035242 45,400000 40,800000 40,800000 -20,200000
76 1631708992 0,035242 45,400000 42,400000 42,400000 -20,200000
76 1631708993 0,035242 45,400000 44,000000 44,000000 -20,200000
76 1631708994 -0,034934 45,800000 42,400000 42,400000 -20,200000
76 1631708995 -0,034934 45,800000 40,800000 40,800000 -20,200000
76 1631708996 -0,034934 45,800000 39,200000 39,200000 -20,200000
76 1631708997 -0,034934 45,800000 37,600000 37,600000 -20,200000
76 1631708998 -0,034934 45,800000 36,000000 36,000000 -20,200000
76 1631708999 0,000000 45,800000 36,000000 36,000000 -20,200000
76 1631709000 0,000000 45,800000 36,000000 36,000000 -20,200000
76 1631709001 0,000000 45,800000 36,000000 36,000000 -20,200000
76 1631709002 0,000000 45,800000 36,000000 36,000000 -20,200000
76 1631709003 0,000000 45,800000 36,000000 36,000000 -20,200000
76 1631709004 0,000000 45,800000 36,000000 36,000000 -20,200000
76 1631709005 0,000000 45,800000 36,000000 36,000000 -20,200000
76 1631709006 0,000000 45,800000 36,000000 36,000000 -20,200000
76 1631709007 0,000000 45,800000 36,000000 36,000000 -20,200000
76 1631709008 0,000000 45,800000 36,000000 36,000000 -20,200000
76 1631709009 -0,008696 46,000000 35,600000 35,600000 -20,200000
76 1631709010 -0,008696 46,000000 35,200000 35,200000 -20,200000
76 1631709011 -0,008696 46,000000 34,800000 34,800000 -20,200000
76 1631709012 -0,008696 46,000000 34,400000 34,400000 -20,200000
76 1631709013 -0,008696 46,000000 34,000000 34,000000 -20,200000
76 1631709014 0,000000 46,000000 34,000000 34,000000 -20,200000
76 1631709015 0,000000 46,000000 34,000000 34,000000 -20,200000
76 1631709016 0,000000 46,000000 34,000000 34,000000 -20,200000
76 1631709017 0,000000 46,000000 34,000000 34,000000 -20,200000
76 1631709018 0,000000 46,000000 34,000000 34,000000 -20,200000
76 1631709019 0,012987 46,200000 34,600000 34,600000 -20,200000
76 1631709020 0,012987 46,200000 35,200000 35,200000 -20,200000
76 1631709021 0,012987 46,200000 35,800000 35,800000 -20,200000
76 1631709022 0,012987 46,200000 36,400000 36,400000 -20,200000
76 1631709023 0,012987 46,200000 37,000000 37,000000 -20,200000
76 1631709024 0,000000 46,200000 37,000000 37,000000 -20,200000
76 1631709025 0,000000 46,200000 37,000000 37,000000 -20,200000
76 1631709026 0,000000 46,200000 37,000000 37,000000 -20,200000
76 1631709027 0,000000 46,200000 37,000000 37,000000 -20,200000
76 1631709028 0,000000 46,200000 37,000000 37,000000 -20,200000
76 1631709029 0,000000 46,400000 37,000000 37,000000 -20,200000
76 1631709030 0,000000 46,400000 37,000000 37,000000 -20,200000
76 1631709031 0,000000 46,400000 37,000000 37,000000 -20,200000
76 1631709032 0,000000 46,400000 37,000000 37,000000 -20,200000
76 1631709033 0,000000 46,400000 37,000000 37,000000 -20,200000
76 1631709034 -0,008584 46,600000 36,600000 36,600000 -20,200000
76 1631709035 -0,008584 46,600000 36,200000 36,200000 -20,200000
76 1631709036 -0,008584 46,600000 35,800000 35,800000 -20,200000
76 1631709037 -0,008584 46,600000 35,400000 35,400000 -20,200000
76 1631709038 -0,008584 46,600000 35,000000 35,000000 -20,200000
76 1631709039 0,012821 46,800000 35,600000 35,600000 -20,200000
76 1631709040 0,012821 46,800000 36,200000 36,200000 -20,200000
76 1631709041 0,012821 46,800000 36,800000 36,800000 -20,200000
76 1631709042 0,012821 46,800000 37,400000 37,400000 -20,200000
76 1631709043 0,012821 46,800000 38,000000 38,000000 -20,200000
76 1631709044 0,033755 47,400000 39,600000 39,600000 -20,200000
76 1631709045 0,033755 47,400000 41,200000 41,200000 -20,200000
76 1631709046 0,033755 47,400000 42,800000 42,800000 -20,200000
76 1631709047 0,033755 47,400000 44,400000 44,400000 -20,200000
76 1631709048 0,033755 47,400000 46,000000 46,000000 -20,200000
76 1631709049 -0,012605 47,600000 45,400000 45,400000 -20,200000
76 1631709050 -0,012605 47,600000 44,800000 44,800000 -20,200000
76 1631709051 -0,012605 47,600000 44,200000 44,200000 -20,200000
76 1631709052 -0,012605 47,600000 43,600000 43,600000 -20,200000
76 1631709053 -0,012605 47,600000 43,000000 43,000000 -20,200000
76 1631709054 -0,033195 48,200000 41,400000 41,400000 -20,200000
76 1631709055 -0,033195 48,200000 39,800000 39,800000 -20,200000
76 1631709056 -0,033195 48,200000 38,200000 38,200000 -20,200000
76 1631709057 -0,033195 48,200000 36,600000 36,600000 -20,200000
76 1631709058 -0,033195 48,200000 35,000000 35,000000 -20,200000
76 1631709059 0,012397 48,400000 35,600000 35,600000 -20,200000
76 1631709060 0,012397 48,400000 36,200000 36,200000 -20,200000
76 1631709061 0,012397 48,400000 36,800000 36,800000 -20,200000
76 1631709062 0,012397 48,400000 37,400000 37,400000 -20,200000
76 1631709063 0,012397 48,400000 38,000000 38,000000 -20,200000
76 1631709064 0,000000 48,400000 38,000000 38,000000 -20,200000
76 1631709065 0,000000 48,400000 38,000000 38,000000 -20,200000
76 1631709066 0,000000 48,400000 38,000000 38,000000 -20,200000
76 1631709067 0,000000 48,400000 38,000000 38,000000 -20,200000
76 1631709068 0,000000 48,400000 38,000000 38,000000 -20,200000
76 1631709069 0,000000 48,400000 38,000000 38,000000 -20,200000
76 1631709070 0,000000 48,400000 38,000000 38,000000 -20,200000
76 1631709071 0,000000 48,400000 38,000000 38,000000 -20,200000
76 1631709072 0,000000 48,400000 38,000000 38,000000 -20,200000
76 1631709073 0,000000 48,400000 38,000000 38,000000 -20,200000
76 1631709074 0,032787 48,800000 39,600000 39,600000 -20,200000
76 1631709075 0,032787 48,800000 41,200000 41,200000 -20,200000
76 1631709076 0,032787 48,800000 42,800000 42,800000 -20,200000
76 1631709077 0,032787 48,800000 44,400000 44,400000 -20,200000
76 1631709078 0,032787 48,800000 46,000000 46,000000 -20,200000
76 1631709079 -0,032520 49,200000 44,400000 44,400000 -20,200000
76 1631709080 -0,032520 49,200000 42,800000 42,800000 -20,200000
76 1631709081 -0,032520 49,200000 41,200000 41,200000 -20,200000
76 1631709082 -0,032520 49,200000 39,600000 39,600000 -20,200000
76 1631709083 -0,032520 49,200000 38,000000 38,000000 -20,200000
76 1631709084 0,004049 49,400000 38,200000 38,200000 -20,200000
76 1631709085 0,004049 49,400000 38,400000 38,400000 -20,200000
76 1631709086 0,004049 49,400000 38,600000 38,600000 -20,200000
76 1631709087 0,004049 49,400000 38,800000 38,800000 -20,200000
76 1631709088 0,004049 49,400000 39,000000 39,000000 -20,200000
76 1631709089 -0,012097 49,600000 38,400000 38,400000 -20,200000
76 1631709090 -0,012097 49,600000 37,800000 37,800000 -20,200000
76 1631709091 -0,012097 49,600000 37,200000 37,200000 -20,200000
76 1631709092 -0,012097 49,600000 36,600000 36,600000 -20,200000
76 1631709093 -0,012097 49,600000 36,000000 36,000000 -20,200000
76 1631709094 0,000000 49,600000 36,000000 36,000000 -20,200000
76 1631709095 0,000000 49,600000 36,000000 36,000000 -20,200000
76 1631709096 0,000000 49,600000 36,000000 36,000000 -20,200000
76 1631709097 0,000000 49,600000 36,000000 36,000000 -20,200000
76 1631709098 0,000000 49,600000 36,000000 36,000000 -20,200000
76 1631709099 0,008032 49,800000 36,400000 36,400000 -20,200000
76 1631709100 0,008032 49,800000 36,800000 36,800000 -20,200000
76 1631709101 0,008032 49,800000 37,200000 37,200000 -20,200000
76 1631709102 0,008032 49,800000 37,600000 37,600000 -20,200000
76 1631709103 0,008032 49,800000 38,000000 38,000000 -20,200000
76 1631709104 0,000000 49,800000 38,000000 38,000000 -20,200000
76 1631709105 0,000000 49,800000 38,000000 38,000000 -20,200000
76 1631709106 0,000000 49,800000 38,000000 38,000000 -20,200000
76 1631709107 0,000000 49,800000 38,000000 38,000000 -20,200000
76 1631709108 0,000000 49,800000 38,000000 38,000000 -20,200000
76 1631709109 0,000000 49,800000 38,000000 38,000000 -20,200000
76 1631709110 0,000000 49,800000 38,000000 38,000000 -20,200000
76 1631709111 0,000000 49,800000 38,000000 38,000000 -20,200000
76 1631709112 0,000000 49,800000 38,000000 38,000000 -20,200000
76 1631709113 0,000000 49,800000 38,000000 38,000000 -20,200000
76 1631709114 0,027778 50,400000 39,400000 39,400000 -20,200000
76 1631709115 0,027778 50,400000 40,800000 40,800000 -20,200000
76 1631709116 0,027778 50,400000 42,200000 42,200000 -20,200000
76 1631709117 0,027778 50,400000 43,600000 43,600000 -20,200000
76 1631709118 0,027778 50,400000 45,000000 45,000000 -20,200000
76 1631709119 0,000000 50,400000 45,000000 45,000000 -20,200000
76 1631709120 0,000000 50,400000 45,000000 45,000000 -20,200000
76 1631709121 0,000000 50,400000 45,000000 45,000000 -20,200000
76 1631709122 0,000000 50,400000 45,000000 45,000000 -20,200000
76 1631709123 0,000000 50,400000 45,000000 45,000000 -20,200000
76 1631709124 -0,027451 51,000000 43,600000 43,600000 -20,200000
76 1631709125 -0,027451 51,000000 42,200000 42,200000 -20,200000
76 1631709126 -0,027451 51,000000 40,800000 40,800000 -20,200000
76 1631709127 -0,027451 51,000000 39,400000 39,400000 -20,200000
76 1631709128 -0,027451 51,000000 38,000000 38,000000 -20,200000
76 1631709129 0,000000 51,000000 38,000000 38,000000 -20,200000
76 1631709130 0,000000 51,000000 38,000000 38,000000 -20,200000
76 1631709131 0,000000 51,000000 38,000000 38,000000 -20,200000
76 1631709132 0,000000 51,000000 38,000000 38,000000 -20,200000
76 1631709133 0,000000 51,000000 38,000000 38,000000 -20,200000
76 1631709134 -0,007812 51,200000 37,600000 37,600000 -20,200000
76 1631709135 -0,007812 51,200000 37,200000 37,200000 -20,200000
76 1631709136 -0,007813 51,200000 36,800000 36,800000 -20,200000
76 1631709137 -0,007812 51,200000 36,400000 36,400000 -20,200000
76 1631709138 -0,007812 51,200000 36,000000 36,000000 -20,200000
76 1631709139 0,007752 51,600000 36,400000 36,400000 -20,200000
76 1631709140 0,007752 51,600000 36,800000 36,800000 -20,200000
76 1631709141 0,007752 51,600000 37,200000 37,200000 -20,200000
76 1631709142 0,007752 51,600000 37,600000 37,600000 -20,200000
76 1631709143 0,007752 51,600000 38,000000 38,000000 -20,200000
76 1631709144 -0,007692 52,000000 37,600000 37,600000 -20,200000
76 1631709145 -0,007692 52,000000 37,200000 37,200000 -20,200000
76 1631709146 -0,007692 52,000000 36,800000 36,800000 -20,200000
76 1631709147 -0,007692 52,000000 36,400000 36,400000 -20,200000
76 1631709148 -0,007692 52,000000 36,000000 36,000000 -20,200000
76 1631709149 0,011364 52,800000 36,600000 36,600000 -20,200000
76 1631709150 0,011364 52,800000 37,200000 37,200000 -20,200000
76 1631709151 0,011364 52,800000 37,800000 37,800000 -20,200000
76 1631709152 0,011364 52,800000 38,400000 38,400000 -20,200000
76 1631709153 0,011364 52,800000 39,000000 39,000000 -20,200000
76 1631709154 0,014925 53,600000 39,800000 39,800000 -20,200000
76 1631709155 0,014925 53,600000 40,600000 40,600000 -20,200000
76 1631709156 0,014925 53,600000 41,400000 41,400000 -20,200000
76 1631709157 0,014925 53,600000 42,200000 42,200000 -20,200000
76 1631709158 0,014925 53,600000 43,000000 43,000000 -20,200000
76 1631709159 0,000000 53,600000 43,000000 43,000000 -20,200000
76 1631709160 0,000000 53,600000 43,000000 43,000000 -20,200000
76 1631709161 0,000000 53,600000 43,000000 43,000000 -20,200000
76 1631709162 0,000000 53,600000 43,000000 43,000000 -20,200000
76 1631709163 0,000000 53,600000 43,000000 43,000000 -20,200000
76 1631709164 -0,022222 54,000000 41,800000 41,800000 -20,200000
76 1631709165 -0,022222 54,000000 40,600000 40,600000 -20,200000
76 1631709166 -0,022222 54,000000 39,400000 39,400000 -20,200000
76 1631709167 -0,022222 54,000000 38,200000 38,200000 -20,200000
76 1631709168 -0,022222 54,000000 37,000000 37,000000 -20,200000
76 1631709169 0,000000 54,000000 37,000000 37,000000 -20,200000
76 1631709170 0,000000 54,000000 37,000000 37,000000 -20,200000
76 1631709171 0,000000 54,000000 37,000000 37,000000 -20,200000
76 1631709172 0,000000 54,000000 37,000000 37,000000 -20,200000
76 1631709173 0,000000 54,000000 37,000000 37,000000 -20,200000
76 1631709174 -0,011070 54,200000 36,400000 36,400000 -20,200000
76 1631709175 -0,011070 54,200000 35,800000 35,800000 -20,200000
76 1631709176 -0,011070 54,200000 35,200000 35,200000 -20,200000
76 1631709177 -0,011070 54,200000 34,600000 34,600000 -20,200000
76 1631709178 -0,011070 54,200000 34,000000 34,000000 -20,200000
76 1631709179 0,011029 54,400000 34,600000 34,600000 -20,200000
76 1631709180 0,011029 54,400000 35,200000 35,200000 -20,200000
76 1631709181 0,011029 54,400000 35,800000 35,800000 -20,200000
76 1631709182 0,011029 54,400000 36,400000 36,400000 -20,200000
76 1631709183 0,011029 54,400000 37,000000 37,000000 -20,200000
76 1631709184 0,029091 55,000000 38,600000 38,600000 -20,200000
76 1631709185 0,029091 55,000000 40,200000 40,200000 -20,200000
76 1631709186 0,029091 55,000000 41,800000 41,800000 -20,200000
76 1631709187 0,029091 55,000000 43,400000 43,400000 -20,200000
76 1631709188 0,029091 55,000000 45,000000 45,000000 -20,200000
76 1631709189 0,000000 55,000000 45,000000 45,000000 -20,200000
76 1631709190 0,000000 55,000000 45,000000 45,000000 -20,200000
76 1631709191 0,000000 55,000000 45,000000 45,000000 -20,200000
76 1631709192 0,000000 55,000000 45,000000 45,000000 -20,200000
76 1631709193 0,000000 55,000000 45,000000 45,000000 -20,200000
76 1631709194 -0,025090 55,800000 43,600000 43,600000 -20,200000
76 1631709195 -0,025090 55,800000 42,200000 42,200000 -20,200000
76 1631709196 -0,025090 55,800000 40,800000 40,800000 -20,200000
76 1631709197 -0,025090 55,800000 39,400000 39,400000 -20,200000
76 1631709198 -0,025090 55,800000 38,000000 38,000000 -20,200000
76 1631709199 0,000000 55,800000 38,000000 38,000000 -20,200000
76 1631709200 0,000000 55,800000 38,000000 38,000000 -20,200000
76 1631709201 0,000000 55,800000 38,000000 38,000000 -20,200000
76 1631709202 0,000000 55,800000 38,000000 38,000000 -20,200000
76 1631709203 0,000000 55,800000 38,000000 38,000000 -20,200000
76 1631709204 0,000000 55,800000 38,000000 38,000000 -20,200000
76 1631709205 0,000000 55,800000 38,000000 38,000000 -20,200000
76 1631709206 0,000000 55,800000 38,000000 38,000000 -20,200000
76 1631709207 0,000000 55,800000 38,000000 38,000000 -20,200000
76 1631709208 0,000000 55,800000 38,000000 38,000000 -20,200000
76 1631709209 0,000000 55,800000 38,000000 38,000000 -20,200000
76 1631709210 0,000000 55,800000 38,000000 38,000000 -20,200000
76 1631709211 0,000000 55,800000 38,000000 38,000000 -20,200000
76 1631709212 0,000000 55,800000 38,000000 38,000000 -20,200000
76 1631709213 0,000000 55,800000 38,000000 38,000000 -20,200000
76 1631709214 -0,010714 56,000000 37,400000 37,400000 -20,200000
76 1631709215 -0,010714 56,000000 36,800000 36,800000 -20,200000
76 1631709216 -0,010714 56,000000 36,200000 36,200000 -20,200000
76 1631709217 -0,010714 56,000000 35,600000 35,600000 -20,200000
76 1631709218 -0,010714 56,000000 35,000000 35,000000 -20,200000
76 1631709219 0,000000 56,000000 35,000000 35,000000 -20,200000
76 1631709220 0,000000 56,000000 35,000000 35,000000 -20,200000
76 1631709221 0,000000 56,000000 35,000000 35,000000 -20,200000
76 1631709222 0,000000 56,000000 35,000000 35,000000 -20,200000
76 1631709223 0,000000 56,000000 35,000000 35,000000 -20,200000
76 1631709224 0,007117 56,200000 35,400000 35,400000 -20,200000
76 1631709225 0,007117 56,200000 35,800000 35,800000 -20,200000
76 1631709226 0,007117 56,200000 36,200000 36,200000 -20,200000
76 1631709227 0,007117 56,200000 36,600000 36,600000 -20,200000
76 1631709228 0,007117 56,200000 37,000000 37,000000 -20,200000
76 1631709229 0,000000 56,200000 37,000000 37,000000 -20,200000
76 1631709230 0,000000 56,200000 37,000000 37,000000 -20,200000
76 1631709231 0,000000 56,200000 37,000000 37,000000 -20,200000
76 1631709232 0,000000 56,200000 37,000000 37,000000 -20,200000
76 1631709233 0,000000 56,200000 37,000000 37,000000 -20,200000
76 1631709234 0,000000 56,200000 37,000000 37,000000 -20,200000
76 1631709235 0,000000 56,200000 37,000000 37,000000 -20,200000
76 1631709236 0,000000 56,200000 37,000000 37,000000 -20,200000
76 1631709237 0,000000 56,200000 37,000000 37,000000 -20,200000
76 1631709238 0,000000 56,200000 37,000000 37,000000 -20,200000
76 1631709239 0,021201 56,600000 38,200000 38,200000 -20,200000
76 1631709240 0,021201 56,600000 39,400000 39,400000 -20,200000
76 1631709241 0,021201 56,600000 40,600000 40,600000 -20,200000
76 1631709242 0,021201 56,600000 41,800000 41,800000 -20,200000
76 1631709243 0,021201 56,600000 43,000000 43,000000 -20,200000
76 1631709244 0,000000 56,600000 43,000000 43,000000 -20,200000
76 1631709245 0,000000 56,600000 43,000000 43,000000 -20,200000
76 1631709246 0,000000 56,600000 43,000000 43,000000 -20,200000
76 1631709247 0,000000 56,600000 43,000000 43,000000 -20,200000
76 1631709248 0,000000 56,600000 43,000000 43,000000 -20,200000
76 1631709249 -0,020979 57,200000 41,800000 41,800000 -20,200000
76 1631709250 -0,020979 57,200000 40,600000 40,600000 -20,200000
76 1631709251 -0,020979 57,200000 39,400000 39,400000 -20,200000
76 1631709252 -0,020979 57,200000 38,200000 38,200000 -20,200000
76 1631709253 -0,020979 57,200000 37,000000 37,000000 -20,200000
76 1631709254 0,020690 58,000000 38,200000 38,200000 -20,200000
76 1631709255 0,020690 58,000000 39,400000 39,400000 -20,200000
76 1631709256 0,020690 58,000000 40,600000 40,600000 -20,200000
76 1631709257 0,020690 58,000000 41,800000 41,800000 -20,200000
76 1631709258 0,020690 58,000000 43,000000 43,000000 -20,200000
76 1631709259 -0,006873 58,200000 42,600000 42,600000 -20,200000
76 1631709260 -0,006873 58,200000 42,200000 42,200000 -20,200000
76 1631709261 -0,006873 58,200000 41,800000 41,800000 -20,200000
76 1631709262 -0,006873 58,200000 41,400000 41,400000 -20,200000
76 1631709263 -0,006873 58,200000 41,000000 41,000000 -20,200000
76 1631709264 -0,013514 59,200000 40,200000 40,200000 -20,200000
76 1631709265 -0,013514 59,200000 39,400000 39,400000 -20,200000
76 1631709266 -0,013514 59,200000 38,600000 38,600000 -20,200000
76 1631709267 -0,013514 59,200000 37,800000 37,800000 -20,200000
76 1631709268 -0,013514 59,200000 37,000000 37,000000 -20,200000
76 1631709269 0,000000 59,200000 37,000000 37,000000 -20,200000
76 1631709270 0,000000 59,200000 37,000000 37,000000 -20,200000
76 1631709271 0,000000 59,200000 37,000000 37,000000 -20,200000
76 1631709272 0,000000 59,200000 37,000000 37,000000 -20,200000
76 1631709273 0,000000 59,200000 37,000000 37,000000 -20,200000
76 1631709274 0,000000 59,200000 37,000000 37,000000 -20,200000
76 1631709275 0,000000 59,200000 37,000000 37,000000 -20,200000
76 1631709276 0,000000 59,200000 37,000000 37,000000 -20,200000
76 1631709277 0,000000 59,200000 37,000000 37,000000 -20,200000
76 1631709278 0,000000 59,200000 37,000000 37,000000 -20,200000
76 1631709340 0,000000 0,500000 37,000000 37,000000 5100,500000
76 1631709339 0,000000 0,500000 37,000000 37,000000 5100,500000
76 1631709338 -10,000000 0,200000 37,000000 37,000000 2041,000000
76 1631709337 -10,000000 0,200000 39,000000 39,000000 2041,000000
76 1631709336 -10,000000 0,200000 41,000000 41,000000 2041,000000
76 1631709335 -10,000000 0,200000 43,000000 43,000000 2041,000000
76 1631709334 -10,000000 0,200000 45,000000 45,000000 2041,000000
76 1631709333 -6,000000 0,200000 47,000000 47,000000 2040,488000
76 1631709332 -6,000000 0,200000 48,200000 48,200000 2040,488000
76 1631709331 -6,000000 0,200000 49,400000 49,400000 2040,488000
76 1631709330 -6,000000 0,200000 50,600000 50,600000 2040,488000
76 1631709329 -6,000000 0,200000 51,800000 51,800000 2040,488000
76 1631709328 8,000000 0,200000 53,000000 53,000000 2040,712000
76 1631709327 8,000000 0,200000 51,400000 51,400000 2040,712000
76 1631709326 8,000000 0,200000 49,800000 49,800000 2040,712000
76 1631709325 8,000000 0,200000 48,200000 48,200000 2040,712000
76 1631709324 8,000000 0,200000 46,600000 46,600000 2040,712000
76 1631709323 5,000000 0,200000 45,000000 45,000000 2040,400000
76 1631709322 5,000000 0,200000 44,000000 44,000000 2040,400000
76 1631709321 5,000000 0,200000 43,000000 43,000000 2040,400000
76 1631709320 5,000000 0,200000 42,000000 42,000000 2040,400000
76 1631709319 5,000000 0,200000 41,000000 41,000000 2040,400000
76 1631709318 5,000000 0,200000 40,000000 40,000000 2040,400000
76 1631709317 5,000000 0,200000 39,000000 39,000000 2040,400000
76 1631709316 5,000000 0,200000 38,000000 38,000000 2040,400000
76 1631709315 5,000000 0,200000 37,000000 37,000000 2040,400000
76 1631709314 5,000000 0,200000 36,000000 36,000000 2040,400000
76 1631709313 -2,000000 0,200000 35,000000 35,000000 2040,232000
76 1631709312 -2,000000 0,200000 35,400000 35,400000 2040,232000
76 1631709311 -2,000000 0,200000 35,800000 35,800000 2040,232000
76 1631709310 -2,000000 0,200000 36,200000 36,200000 2040,232000
76 1631709309 -2,000000 0,200000 36,600000 36,600000 2040,232000
76 1631709308 2,000000 0,200000 37,000000 37,000000 2040,232000
76 1631709307 2,000000 0,200000 36,600000 36,600000 2040,232000
76 1631709306 2,000000 0,200000 36,200000 36,200000 2040,232000
76 1631709305 2,000000 0,200000 35,800000 35,800000 2040,232000
76 1631709304 2,000000 0,200000 35,400000 35,400000 2040,232000
76 1631709303 0,000000 0,200000 35,000000 35,000000 2040,200000
76 1631709302 0,000000 0,200000 35,000000 35,000000 2040,200000
76 1631709301 0,000000 0,200000 35,000000 35,000000 2040,200000
76 1631709300 0,000000 0,200000 35,000000 35,000000 2040,200000
76 1631709299 0,000000 0,200000 35,000000 35,000000 2040,200000
76 1631709298 -2,000000 0,200000 35,000000 35,000000 2040,232000
76 1631709297 -2,000000 0,200000 35,400000 35,400000 2040,232000
76 1631709296 -2,000000 0,200000 35,800000 35,800000 2040,232000
76 1631709295 -2,000000 0,200000 36,200000 36,200000 2040,232000
76 1631709294 -2,000000 0,200000 36,600000 36,600000 2040,232000
76 1631709293 0,000000 0,200000 37,000000 37,000000 2040,200000
76 1631709292 0,000000 0,200000 37,000000 37,000000 2040,200000
76 1631709291 0,000000 0,200000 37,000000 37,000000 2040,200000
76 1631709290 0,000000 0,200000 37,000000 37,000000 2040,200000
76 1631709289 0,000000 0,200000 37,000000 37,000000 2040,200000
76 1631709288 0,000000 0,200000 37,000000 37,000000 2040,200000
76 1631709287 0,000000 0,200000 37,000000 37,000000 2040,200000
76 1631709286 0,000000 0,200000 37,000000 37,000000 2040,200000
76 1631709285 0,000000 0,200000 37,000000 37,000000 2040,200000
76 1631709284 0,000000 0,200000 37,000000 37,000000 2040,200000
76 1631709283 0,000000 0,200000 37,000000 37,000000 2040,200000
76 1631709282 0,000000 0,200000 37,000000 37,000000 2040,200000
76 1631709281 0,000000 0,200000 37,000000 37,000000 2040,200000
76 1631709280 0,000000 0,200000 37,000000 37,000000 2040,200000
76 1631709279 0,000000 0,200000 37,000000 37,000000 2040,200000
76 1631709279 0,000000 59,200000 37,000000 37,000000 -20,200000
76 1631709280 0,000000 59,200000 37,000000 37,000000 -20,200000
76 1631709281 0,000000 59,200000 37,000000 37,000000 -20,200000
76 1631709282 0,000000 59,200000 37,000000 37,000000 -20,200000
76 1631709283 0,000000 59,200000 37,000000 37,000000 -20,200000
76 1631709284 0,000000 59,200000 37,000000 37,000000 -20,200000
76 1631709285 0,000000 59,200000 37,000000 37,000000 -20,200000
76 1631709286 0,000000 59,200000 37,000000 37,000000 -20,200000
76 1631709287 0,000000 59,200000 37,000000 37,000000 -20,200000
76 1631709288 0,000000 59,200000 37,000000 37,000000 -20,200000
76 1631709289 0,000000 59,200000 37,000000 37,000000 -20,200000
76 1631709290 0,000000 59,200000 37,000000 37,000000 -20,200000
76 1631709291 0,000000 59,200000 37,000000 37,000000 -20,200000
76 1631709292 0,000000 59,200000 37,000000 37,000000 -20,200000
76 1631709293 0,000000 59,200000 37,000000 37,000000 -20,200000
76 1631709294 -0,006734 59,400000 36,600000 36,600000 -20,200000
76 1631709295 -0,006734 59,400000 36,200000 36,200000 -20,200000
76 1631709296 -0,006734 59,400000 35,800000 35,800000 -20,200000
76 1631709297 -0,006734 59,400000 35,400000 35,400000 -20,200000
76 1631709298 -0,006734 59,400000 35,000000 35,000000 -20,200000
76 1631709299 0,000000 59,400000 35,000000 35,000000 -20,200000
76 1631709300 0,000000 59,400000 35,000000 35,000000 -20,200000
76 1631709301 0,000000 59,400000 35,000000 35,000000 -20,200000
76 1631709302 0,000000 59,400000 35,000000 35,000000 -20,200000
76 1631709303 0,000000 59,400000 35,000000 35,000000 -20,200000
76 1631709304 0,006689 59,800000 35,400000 35,400000 -20,200000
76 1631709305 0,006689 59,800000 35,800000 35,800000 -20,200000
76 1631709306 0,006689 59,800000 36,200000 36,200000 -20,200000
76 1631709307 0,006689 59,800000 36,600000 36,600000 -20,200000
76 1631709308 0,006689 59,800000 37,000000 37,000000 -20,200000
76 1631709309 -0,006645 60,200000 36,600000 36,600000 -20,200000
76 1631709310 -0,006645 60,200000 36,200000 36,200000 -20,200000
76 1631709311 -0,006645 60,200000 35,800000 35,800000 -20,200000
76 1631709312 -0,006645 60,200000 35,400000 35,400000 -20,200000
76 1631709313 -0,006645 60,200000 35,000000 35,000000 -20,200000
76 1631709314 0,016502 60,600000 36,000000 36,000000 -20,200000
76 1631709315 0,016502 60,600000 37,000000 37,000000 -20,200000
76 1631709316 0,016502 60,600000 38,000000 38,000000 -20,200000
76 1631709317 0,016502 60,600000 39,000000 39,000000 -20,200000
76 1631709318 0,016502 60,600000 40,000000 40,000000 -20,200000
76 1631709319 0,016234 61,600000 41,000000 41,000000 -20,200000
76 1631709320 0,016234 61,600000 42,000000 42,000000 -20,200000
76 1631709321 0,016234 61,600000 43,000000 43,000000 -20,200000
76 1631709322 0,016234 61,600000 44,000000 44,000000 -20,200000
76 1631709323 0,016234 61,600000 45,000000 45,000000 -20,200000
76 1631709324 0,025806 62,000000 46,600000 46,600000 -20,200000
76 1631709325 0,025806 62,000000 48,200000 48,200000 -20,200000
76 1631709326 0,025806 62,000000 49,800000 49,800000 -20,200000
76 1631709327 0,025806 62,000000 51,400000 51,400000 -20,200000
76 1631709328 0,025806 62,000000 53,000000 53,000000 -20,200000
76 1631709329 -0,019231 62,400000 51,800000 51,800000 -20,200000
76 1631709330 -0,019231 62,400000 50,600000 50,600000 -20,200000
76 1631709331 -0,019231 62,400000 49,400000 49,400000 -20,200000
76 1631709332 -0,019231 62,400000 48,200000 48,200000 -20,200000
76 1631709333 -0,019231 62,400000 47,000000 47,000000 -20,200000
76 1631709334 -0,031746 63,000000 45,000000 45,000000 -20,200000
76 1631709335 -0,031746 63,000000 43,000000 43,000000 -20,200000
76 1631709336 -0,031746 63,000000 41,000000 41,000000 -20,200000
76 1631709337 -0,031746 63,000000 39,000000 39,000000 -20,200000
76 1631709338 -0,031746 63,000000 37,000000 37,000000 -20,200000
76 1631709339 -0,009494 63,200000 36,400000 36,400000 -20,200000
76 1631709340 -0,009494 63,200000 35,800000 35,800000 -20,200000
76 1631709341 -0,009494 63,200000 35,200000 35,200000 -20,200000
76 1631709342 -0,009494 63,200000 34,600000 34,600000 -20,200000
76 1631709343 -0,009494 63,200000 34,000000 34,000000 -20,200000
76 1631709344 -0,009464 63,400000 33,400000 33,400000 -20,200000
76 1631709345 -0,009464 63,400000 32,800000 32,800000 -20,200000
76 1631709346 -0,009464 63,400000 32,200000 32,200000 -20,200000
76 1631709347 -0,009464 63,400000 31,600000 31,600000 -20,200000
76 1631709348 -0,009464 63,400000 31,000000 31,000000 -20,200000
76 1631709349 0,000000 63,400000 31,000000 31,000000 -20,200000
76 1631709350 0,000000 63,400000 31,000000 31,000000 -20,200000
76 1631709351 0,000000 63,400000 31,000000 31,000000 -20,200000
76 1631709352 0,000000 63,400000 31,000000 31,000000 -20,200000
76 1631709353 0,000000 63,400000 31,000000 31,000000 -20,200000
76 1631709354 0,000000 63,400000 31,000000 31,000000 -20,200000
76 1631709355 0,000000 63,400000 31,000000 31,000000 -20,200000
76 1631709356 0,000000 63,400000 31,000000 31,000000 -20,200000
76 1631709357 0,000000 63,400000 31,000000 31,000000 -20,200000
76 1631709358 0,000000 63,400000 31,000000 31,000000 -20,200000
76 1631709359 0,003145 63,600000 31,200000 31,200000 -20,200000
76 1631709360 0,003145 63,600000 31,400000 31,400000 -20,200000
76 1631709361 0,003145 63,600000 31,600000 31,600000 -20,200000
76 1631709362 0,003145 63,600000 31,800000 31,800000 -20,200000
76 1631709363 0,003145 63,600000 32,000000 32,000000 -20,200000
76 1631709364 -0,018809 63,800000 30,800000 30,800000 -20,200000
76 1631709365 -0,018809 63,800000 29,600000 29,600000 -20,200000
76 1631709366 -0,018809 63,800000 28,400000 28,400000 -20,200000
76 1631709367 -0,018809 63,800000 27,200000 27,200000 -20,200000
76 1631709368 -0,018809 63,800000 26,000000 26,000000 -20,200000
76 1631709369 -0,006250 64,000000 25,600000 25,600000 -20,200000
76 1631709370 -0,006250 64,000000 25,200000 25,200000 -20,200000
76 1631709371 -0,006250 64,000000 24,800000 24,800000 -20,200000
76 1631709372 -0,006250 64,000000 24,400000 24,400000 -20,200000
76 1631709373 -0,006250 64,000000 24,000000 24,000000 -20,200000
76 1631709374 -0,009346 64,200000 23,400000 23,400000 -20,200000
76 1631709375 -0,009346 64,200000 22,800000 22,800000 -20,200000
76 1631709376 -0,009346 64,200000 22,200000 22,200000 -20,200000
76 1631709377 -0,009346 64,200000 21,600000 21,600000 -20,200000
76 1631709378 -0,009346 64,200000 21,000000 21,000000 -20,200000
76 1631709379 0,000000 64,200000 21,000000 21,000000 -20,200000
76 1631709380 0,000000 64,200000 21,000000 21,000000 -20,200000
76 1631709381 0,000000 64,200000 21,000000 21,000000 -20,200000
76 1631709382 0,000000 64,200000 21,000000 21,000000 -20,200000
76 1631709383 0,000000 64,200000 21,000000 21,000000 -20,200000
76 1631709384 0,000000 64,200000 21,000000 21,000000 -20,200000
76 1631709385 0,000000 64,200000 21,000000 21,000000 -20,200000
76 1631709386 0,000000 64,200000 21,000000 21,000000 -20,200000
76 1631709387 0,000000 64,200000 21,000000 21,000000 -20,200000
76 1631709388 0,000000 64,200000 21,000000 21,000000 -20,200000
76 1631709389 0,024691 64,800000 22,600000 22,600000 -20,200000
76 1631709390 0,024691 64,800000 24,200000 24,200000 -20,200000
76 1631709391 0,024691 64,800000 25,800000 25,800000 -20,200000
76 1631709392 0,024691 64,800000 27,400000 27,400000 -20,200000
76 1631709393 0,024691 64,800000 29,000000 29,000000 -20,200000
76 1631709394 0,000000 64,800000 29,000000 29,000000 -20,200000
76 1631709395 0,000000 64,800000 29,000000 29,000000 -20,200000
76 1631709396 0,000000 64,800000 29,000000 29,000000 -20,200000
76 1631709397 0,000000 64,800000 29,000000 29,000000 -20,200000
76 1631709398 0,000000 64,800000 29,000000 29,000000 -20,200000
76 1631709399 -0,024465 65,400000 27,400000 27,400000 -20,200000
76 1631709400 -0,024465 65,400000 25,800000 25,800000 -20,200000
76 1631709401 -0,024465 65,400000 24,200000 24,200000 -20,200000
76 1631709402 -0,024465 65,400000 22,600000 22,600000 -20,200000
76 1631709403 -0,024465 65,400000 21,000000 21,000000 -20,200000
76 1631709404 -0,027273 66,000000 19,200000 19,200000 -20,200000
76 1631709405 -0,027273 66,000000 17,400000 17,400000 -20,200000
76 1631709406 -0,027273 66,000000 15,600000 15,600000 -20,200000
76 1631709407 -0,027273 66,000000 13,800000 13,800000 -20,200000
76 1631709408 -0,027273 66,000000 12,000000 12,000000 -20,200000
76 1631709409 0,018072 66,400000 13,200000 13,200000 -20,200000
76 1631709410 0,018072 66,400000 14,400000 14,400000 -20,200000
76 1631709411 0,018072 66,400000 15,600000 15,600000 -20,200000
76 1631709412 0,018072 66,400000 16,800000 16,800000 -20,200000
76 1631709413 0,018072 66,400000 18,000000 18,000000 -20,200000
76 1631709414 -0,029940 66,800000 16,000000 16,000000 -20,200000
76 1631709415 -0,029940 66,800000 14,000000 14,000000 -20,200000
76 1631709416 -0,029940 66,800000 12,000000 12,000000 -20,200000
76 1631709417 -0,029940 66,800000 10,000000 10,000000 -20,200000
76 1631709418 -0,029940 66,800000 8,000000 8,000000 -20,200000
76 1631709419 0,000000 66,800000 8,000000 8,000000 -20,200000
76 1631709420 0,000000 66,800000 8,000000 8,000000 -20,200000
76 1631709421 0,000000 66,800000 8,000000 8,000000 -20,200000
76 1631709422 0,000000 66,800000 8,000000 8,000000 -20,200000
76 1631709423 0,000000 66,800000 8,000000 8,000000 -20,200000
76 1631709424 0,000000 66,800000 8,000000 8,000000 -20,200000
76 1631709486 -6,000000 0,333333 0,000000 0,000000 3401,666667
76 1631709485 -6,000000 0,333333 2,000000 2,000000 3401,666667
76 1631709484 -6,000000 0,333333 4,000000 4,000000 3401,666667
76 1631709483 0,000000 0,200000 6,000000 6,000000 2040,200000
76 1631709482 0,000000 0,200000 6,000000 6,000000 2040,200000
76 1631709481 0,000000 0,200000 6,000000 6,000000 2040,200000
76 1631709480 0,000000 0,200000 6,000000 6,000000 2040,200000
76 1631709479 0,000000 0,200000 6,000000 6,000000 2040,200000
76 1631709478 -2,000000 0,200000 6,000000 6,000000 2040,232000
76 1631709477 -2,000000 0,200000 6,400000 6,400000 2040,232000
76 1631709476 -2,000000 0,200000 6,800000 6,800000 2040,232000
76 1631709475 -2,000000 0,200000 7,200000 7,200000 2040,232000
76 1631709474 -2,000000 0,200000 7,600000 7,600000 2040,232000
76 1631709473 0,000000 0,200000 8,000000 8,000000 2040,200000
76 1631709472 0,000000 0,200000 8,000000 8,000000 2040,200000
76 1631709471 0,000000 0,200000 8,000000 8,000000 2040,200000
76 1631709470 0,000000 0,200000 8,000000 8,000000 2040,200000
76 1631709469 0,000000 0,200000 8,000000 8,000000 2040,200000
76 1631709468 0,000000 0,200000 8,000000 8,000000 2040,200000
76 1631709467 0,000000 0,200000 8,000000 8,000000 2040,200000
76 1631709466 0,000000 0,200000 8,000000 8,000000 2040,200000
76 1631709465 0,000000 0,200000 8,000000 8,000000 2040,200000
76 1631709464 0,000000 0,200000 8,000000 8,000000 2040,200000
76 1631709463 0,000000 0,200000 8,000000 8,000000 2040,200000
76 1631709462 0,000000 0,200000 8,000000 8,000000 2040,200000
76 1631709461 0,000000 0,200000 8,000000 8,000000 2040,200000
76 1631709460 0,000000 0,200000 8,000000 8,000000 2040,200000
76 1631709459 0,000000 0,200000 8,000000 8,000000 2040,200000
76 1631709458 0,000000 0,200000 8,000000 8,000000 2040,200000
76 1631709457 0,000000 0,200000 8,000000 8,000000 2040,200000
76 1631709456 0,000000 0,200000 8,000000 8,000000 2040,200000
76 1631709455 0,000000 0,200000 8,000000 8,000000 2040,200000
76 1631709454 0,000000 0,200000 8,000000 8,000000 2040,200000
76 1631709453 0,000000 0,200000 8,000000 8,000000 2040,200000
76 1631709452 0,000000 0,200000 8,000000 8,000000 2040,200000
76 1631709451 0,000000 0,200000 8,000000 8,000000 2040,200000
76 1631709450 0,000000 0,200000 8,000000 8,000000 2040,200000
76 1631709449 0,000000 0,200000 8,000000 8,000000 2040,200000
76 1631709448 0,000000 0,200000 8,000000 8,000000 2040,200000
76 1631709447 0,000000 0,200000 8,000000 8,000000 2040,200000
76 1631709446 0,000000 0,200000 8,000000 8,000000 2040,200000
76 1631709445 0,000000 0,200000 8,000000 8,000000 2040,200000
76 1631709444 0,000000 0,200000 8,000000 8,000000 2040,200000
76 1631709443 0,000000 0,200000 8,000000 8,000000 2040,200000
76 1631709442 0,000000 0,200000 8,000000 8,000000 2040,200000
76 1631709441 0,000000 0,200000 8,000000 8,000000 2040,200000
76 1631709440 0,000000 0,200000 8,000000 8,000000 2040,200000
76 1631709439 0,000000 0,200000 8,000000 8,000000 2040,200000
76 1631709438 0,000000 0,200000 8,000000 8,000000 2040,200000
76 1631709437 0,000000 0,200000 8,000000 8,000000 2040,200000
76 1631709436 0,000000 0,200000 8,000000 8,000000 2040,200000
76 1631709435 0,000000 0,200000 8,000000 8,000000 2040,200000
76 1631709434 0,000000 0,200000 8,000000 8,000000 2040,200000
76 1631709433 0,000000 0,200000 8,000000 8,000000 2040,200000
76 1631709432 0,000000 0,200000 8,000000 8,000000 2040,200000
76 1631709431 0,000000 0,200000 8,000000 8,000000 2040,200000
76 1631709430 0,000000 0,200000 8,000000 8,000000 2040,200000
76 1631709429 0,000000 0,200000 8,000000 8,000000 2040,200000
76 1631709428 0,000000 0,200000 8,000000 8,000000 2040,200000
76 1631709427 0,000000 0,200000 8,000000 8,000000 2040,200000
76 1631709426 0,000000 0,200000 8,000000 8,000000 2040,200000
76 1631709425 0,000000 0,200000 8,000000 8,000000 2040,200000
