68 1631708149 82798,400000 -1,000000 -101,000000 0,000000 0,000000
68 1631708150 82798,400000 -1,000000 -101,000000 0,000000 0,000000
68 1631708151 82798,400000 -1,000000 -101,000000 0,000000 0,000000
68 1631708152 82798,400000 -1,000000 -101,000000 0,000000 0,000000
68 1631708153 82798,400000 -1,000000 -101,000000 0,000000 0,000000
68 1631708154 5778,400000 -1,000000 -101,000000 0,000000 0,000000
68 1631708155 5778,400000 -1,000000 -101,000000 0,000000 0,000000
68 1631708156 5778,400000 -1,000000 -101,000000 0,000000 0,000000
68 1631708157 5778,400000 -1,000000 -101,000000 0,000000 0,000000
68 1631708158 5778,400000 -1,000000 -101,000000 0,000000 0,000000
68 1631708159 145018,200000 -1,000000 -101,000000 0,000000 0,000000
68 1631708160 145018,200000 -1,000000 -101,000000 0,000000 0,000000
68 1631708161 145018,200000 -1,000000 -101,000000 0,000000 0,000000
68 1631708162 145018,200000 -1,000000 -101,000000 0,000000 0,000000
68 1631708163 145018,200000 -1,000000 -101,000000 0,000000 0,000000
68 1631708164 136058,400000 -1,000000 -101,000000 0,000000 0,000000
68 1631708165 136058,400000 -1,000000 -101,000000 0,000000 0,000000
68 1631708166 136058,400000 -1,000000 -101,000000 0,000000 0,000000
68 1631708167 136058,400000 -1,000000 -101,000000 0,000000 0,000000
68 1631708168 136058,400000 -1,000000 -101,000000 0,000000 0,000000
68 1631708189 4149,200000 -1,000000 -101,000000 0,000000 0,000000
68 1631708190 4149,200000 -1,000000 -101,000000 0,000000 0,000000
68 1631708191 4149,200000 -1,000000 -101,000000 0,000000 0,000000
68 1631708192 4149,200000 -1,000000 -101,000000 0,000000 0,000000
68 1631708193 4149,200000 -1,000000 -101,000000 0,000000 0,000000
68 1631708194 2158,600000 -1,000000 -101,000000 0,000000 0,000000
68 1631708195 2158,600000 -1,000000 -101,000000 0,000000 0,000000
68 1631708196 2158,600000 -1,000000 -101,000000 0,000000 0,000000
68 1631708197 2158,600000 -1,000000 -101,000000 0,000000 0,000000
68 1631708198 2158,600000 -1,000000 -101,000000 0,000000 0,000000
68 1631708199 556,200000 -1,000000 -101,000000 0,000000 0,000000
68 1631708200 556,200000 -1,000000 -101,000000 0,000000 0,000000
68 1631708201 556,200000 -1,000000 -101,000000 0,000000 0,000000
68 1631708202 556,200000 -1,000000 -101,000000 0,000000 0,000000
68 1631708203 556,200000 -1,000000 -101,000000 0,000000 0,000000
68 1631708204 49327,000000 -1,000000 -101,000000 0,000000 0,000000
68 1631708205 49327,000000 -1,000000 -101,000000 0,000000 0,000000
68 1631708206 49327,000000 -1,000000 -101,000000 0,000000 0,000000
68 1631708207 49327,000000 -1,000000 -101,000000 0,000000 0,000000
68 1631708208 49327,000000 -1,000000 -101,000000 0,000000 0,000000
68 1631708214 45093,800000 -1,000000 -101,000000 0,000000 0,000000
68 1631708215 45093,800000 -1,000000 -101,000000 0,000000 0,000000
68 1631708216 45093,800000 -1,000000 -101,000000 0,000000 0,000000
68 1631708217 45093,800000 -1,000000 -101,000000 0,000000 0,000000
68 1631708218 45093,800000 -1,000000 -101,000000 0,000000 0,000000
68 1631708219 14080,400000 -1,000000 -101,000000 0,000000 0,000000
68 1631708220 14080,400000 -1,000000 -101,000000 0,000000 0,000000
68 1631708221 14080,400000 -1,000000 -101,000000 0,000000 0,000000
68 1631708222 14080,400000 -1,000000 -101,000000 0,000000 0,000000
68 1631708223 14080,400000 -1,000000 -101,000000 0,000000 0,000000
68 1631708224 5769,200000 -1,000000 -101,000000 0,000000 0,000000
68 1631708225 5769,200000 -1,000000 -101,000000 0,000000 0,000000
68 1631708226 5769,200000 -1,000000 -101,000000 0,000000 0,000000
68 1631708227 5769,200000 -1,000000 -101,000000 0,000000 0,000000
68 1631708228 5769,200000 -1,000000 -101,000000 0,000000 0,000000
68 1631708229 4149,800000 -1,000000 -101,000000 0,000000 0,000000
68 1631708230 4149,800000 -1,000000 -101,000000 0,000000 0,000000
68 1631708231 4149,800000 -1,000000 -101,000000 0,000000 0,000000
68 1631708232 4149,800000 -1,000000 -101,000000 0,000000 0,000000
68 1631708233 4149,800000 -1,000000 -101,000000 0,000000 0,000000
68 1631708234 153984,000000 -1,000000 -101,000000 0,000000 0,000000
68 1631708235 153984,000000 -1,000000 -101,000000 0,000000 0,000000
68 1631708236 153984,000000 -1,000000 -101,000000 0,000000 0,000000
68 1631708237 153984,000000 -1,000000 -101,000000 0,000000 0,000000
68 1631708238 153984,000000 -1,000000 -101,000000 0,000000 0,000000
68 1631708239 3391,600000 -1,000000 -101,000000 0,000000 0,000000
68 1631708240 3391,600000 -1,000000 -101,000000 0,000000 0,000000
68 1631708241 3391,600000 -1,000000 -101,000000 0,000000 0,000000
68 1631708242 3391,600000 -1,000000 -101,000000 0,000000 0,000000
68 1631708243 3391,600000 -1,000000 -101,000000 0,000000 0,000000
68 1631708244 556,400000 -1,000000 -101,000000 0,000000 0,000000
68 1631708245 556,400000 -1,000000 -101,000000 0,000000 0,000000
68 1631708246 556,400000 -1,000000 -101,000000 0,000000 0,000000
68 1631708247 556,400000 -1,000000 -101,000000 0,000000 0,000000
68 1631708248 556,400000 -1,000000 -101,000000 0,000000 0,000000
68 1631708259 50028,800000 -1,000000 -101,000000 0,000000 0,000000
68 1631708260 50028,800000 -1,000000 -101,000000 0,000000 0,000000
68 1631708261 50028,800000 -1,000000 -101,000000 0,000000 0,000000
68 1631708262 50028,800000 -1,000000 -101,000000 0,000000 0,000000
68 1631708263 50028,800000 -1,000000 -101,000000 0,000000 0,000000
68 1631708264 48451,400000 -1,000000 -101,000000 0,000000 0,000000
68 1631708265 48451,400000 -1,000000 -101,000000 0,000000 0,000000
68 1631708266 48451,400000 -1,000000 -101,000000 0,000000 0,000000
68 1631708267 48451,400000 -1,000000 -101,000000 0,000000 0,000000
68 1631708268 48451,400000 -1,000000 -101,000000 0,000000 0,000000
68 1631708269 4703,800000 -1,000000 -101,000000 0,000000 0,000000
68 1631708270 4703,800000 -1,000000 -101,000000 0,000000 0,000000
68 1631708271 4703,800000 -1,000000 -101,000000 0,000000 0,000000
68 1631708272 4703,800000 -1,000000 -101,000000 0,000000 0,000000
68 1631708273 4703,800000 -1,000000 -101,000000 0,000000 0,000000
68 1631708279 2159,000000 -1,000000 -101,000000 0,000000 0,000000
68 1631708280 2159,000000 -1,000000 -101,000000 0,000000 0,000000
68 1631708281 2159,000000 -1,000000 -101,000000 0,000000 0,000000
68 1631708282 2159,000000 -1,000000 -101,000000 0,000000 0,000000
68 1631708283 2159,000000 -1,000000 -101,000000 0,000000 0,000000
68 1631708284 554,400000 -1,000000 -101,000000 0,000000 0,000000
68 1631708285 554,400000 -1,000000 -101,000000 0,000000 0,000000
68 1631708286 554,400000 -1,000000 -101,000000 0,000000 0,000000
68 1631708287 554,400000 -1,000000 -101,000000 0,000000 0,000000
68 1631708288 554,400000 -1,000000 -101,000000 0,000000 0,000000
68 1631708289 14081,600000 -1,000000 -101,000000 0,000000 0,000000
68 1631708290 14081,600000 -1,000000 -101,000000 0,000000 0,000000
68 1631708291 14081,600000 -1,000000 -101,000000 0,000000 0,000000
68 1631708292 14081,600000 -1,000000 -101,000000 0,000000 0,000000
68 1631708293 14081,600000 -1,000000 -101,000000 0,000000 0,000000
68 1631708294 5772,000000 -1,000000 -101,000000 0,000000 0,000000
68 1631708295 5772,000000 -1,000000 -101,000000 0,000000 0,000000
68 1631708296 5772,000000 -1,000000 -101,000000 0,000000 0,000000
68 1631708297 5772,000000 -1,000000 -101,000000 0,000000 0,000000
68 1631708298 5772,000000 -1,000000 -101,000000 0,000000 0,000000
68 1631708299 144537,000000 -1,000000 -101,000000 0,000000 0,000000
68 1631708300 144537,000000 -1,000000 -101,000000 0,000000 0,000000
68 1631708301 144537,000000 -1,000000 -101,000000 0,000000 0,000000
68 1631708302 144537,000000 -1,000000 -101,000000 0,000000 0,000000
68 1631708303 144537,000000 -1,000000 -101,000000 0,000000 0,000000
68 1631708314 54322,600000 -1,000000 -101,000000 0,000000 0,000000
68 1631708315 54322,600000 -1,000000 -101,000000 0,000000 0,000000
68 1631708316 54322,600000 -1,000000 -101,000000 0,000000 0,000000
68 1631708317 54322,600000 -1,000000 -101,000000 0,000000 0,000000
68 1631708318 54322,600000 -1,000000 -101,000000 0,000000 0,000000
68 1631708319 62800,400000 -1,000000 -101,000000 0,000000 0,000000
68 1631708320 62800,400000 -1,000000 -101,000000 0,000000 0,000000
68 1631708321 62800,400000 -1,000000 -101,000000 0,000000 0,000000
68 1631708322 62800,400000 -1,000000 -101,000000 0,000000 0,000000
68 1631708323 62800,400000 -1,000000 -101,000000 0,000000 0,000000
68 1631708324 97012,600000 -1,000000 -101,000000 0,000000 0,000000
68 1631708325 97012,600000 -1,000000 -101,000000 0,000000 0,000000
68 1631708326 97012,600000 -1,000000 -101,000000 0,000000 0,000000
68 1631708327 97012,600000 -1,000000 -101,000000 0,000000 0,000000
68 1631708328 97012,600000 -1,000000 -101,000000 0,000000 0,000000
68 1631708354 4149,600000 -1,000000 -101,000000 0,000000 0,000000
68 1631708355 4149,600000 -1,000000 -101,000000 0,000000 0,000000
68 1631708356 4149,600000 -1,000000 -101,000000 0,000000 0,000000
68 1631708357 4149,600000 -1,000000 -101,000000 0,000000 0,000000
68 1631708358 4149,600000 -1,000000 -101,000000 0,000000 0,000000
68 1631708359 12508,400000 -1,000000 -101,000000 0,000000 0,000000
68 1631708360 12508,400000 -1,000000 -101,000000 0,000000 0,000000
68 1631708361 12508,400000 -1,000000 -101,000000 0,000000 0,000000
68 1631708362 12508,400000 -1,000000 -101,000000 0,000000 0,000000
68 1631708363 12508,400000 -1,000000 -101,000000 0,000000 0,000000
68 1631708364 8477,000000 -1,000000 -101,000000 0,000000 0,000000
68 1631708365 8477,000000 -1,000000 -101,000000 0,000000 0,000000
68 1631708366 8477,000000 -1,000000 -101,000000 0,000000 0,000000
68 1631708367 8477,000000 -1,000000 -101,000000 0,000000 0,000000
68 1631708368 8477,000000 -1,000000 -101,000000 0,000000 0,000000
68 1631708369 196221,200000 -1,000000 -101,000000 0,000000 0,000000
68 1631708370 196221,200000 -1,000000 -101,000000 0,000000 0,000000
68 1631708371 196221,200000 -1,000000 -101,000000 0,000000 0,000000
68 1631708372 196221,200000 -1,000000 -101,000000 0,000000 0,000000
68 1631708373 196221,200000 -1,000000 -101,000000 0,000000 0,000000
68 1631708374 2657,400000 -1,000000 -101,000000 0,000000 0,000000
68 1631708375 2657,400000 -1,000000 -101,000000 0,000000 0,000000
68 1631708376 2657,400000 -1,000000 -101,000000 0,000000 0,000000
68 1631708377 2657,400000 -1,000000 -101,000000 0,000000 0,000000
68 1631708378 2657,400000 -1,000000 -101,000000 0,000000 0,000000
68 1631708379 45979,800000 -1,000000 -101,000000 0,000000 0,000000
68 1631708380 45979,800000 -1,000000 -101,000000 0,000000 0,000000
68 1631708381 45979,800000 -1,000000 -101,000000 0,000000 0,000000
68 1631708382 45979,800000 -1,000000 -101,000000 0,000000 0,000000
68 1631708383 45979,800000 -1,000000 -101,000000 0,000000 0,000000
68 1631708394 4149,000000 -1,000000 -101,000000 0,000000 0,000000
68 1631708395 4149,000000 -1,000000 -101,000000 0,000000 0,000000
68 1631708396 4149,000000 -1,000000 -101,000000 0,000000 0,000000
68 1631708397 4149,000000 -1,000000 -101,000000 0,000000 0,000000
68 1631708398 4149,000000 -1,000000 -101,000000 0,000000 0,000000
68 1631708399 2159,000000 -1,000000 -101,000000 0,000000 0,000000
68 1631708400 2159,000000 -1,000000 -101,000000 0,000000 0,000000
68 1631708401 2159,000000 -1,000000 -101,000000 0,000000 0,000000
68 1631708402 2159,000000 -1,000000 -101,000000 0,000000 0,000000
68 1631708403 2159,000000 -1,000000 -101,000000 0,000000 0,000000
68 1631708404 9944,400000 -1,000000 -101,000000 0,000000 0,000000
68 1631708405 9944,400000 -1,000000 -101,000000 0,000000 0,000000
68 1631708406 9944,400000 -1,000000 -101,000000 0,000000 0,000000
68 1631708407 9944,400000 -1,000000 -101,000000 0,000000 0,000000
68 1631708408 9944,400000 -1,000000 -101,000000 0,000000 0,000000
68 1631708409 3386,400000 -1,000000 -101,000000 0,000000 0,000000
68 1631708410 3386,400000 -1,000000 -101,000000 0,000000 0,000000
68 1631708411 3386,400000 -1,000000 -101,000000 0,000000 0,000000
68 1631708412 3386,400000 -1,000000 -101,000000 0,000000 0,000000
68 1631708413 3386,400000 -1,000000 -101,000000 0,000000 0,000000
68 1631708424 63655,800000 -1,000000 -101,000000 0,000000 0,000000
68 1631708425 63655,800000 -1,000000 -101,000000 0,000000 0,000000
68 1631708426 63655,800000 -1,000000 -101,000000 0,000000 0,000000
68 1631708427 63655,800000 -1,000000 -101,000000 0,000000 0,000000
68 1631708428 63655,800000 -1,000000 -101,000000 0,000000 0,000000
68 1631708434 55256,200000 -1,000000 -101,000000 0,000000 0,000000
68 1631708435 55256,200000 -1,000000 -101,000000 0,000000 0,000000
68 1631708436 55256,200000 -1,000000 -101,000000 0,000000 0,000000
68 1631708437 55256,200000 -1,000000 -101,000000 0,000000 0,000000
68 1631708438 55256,200000 -1,000000 -101,000000 0,000000 0,000000
68 1631708439 145604,800000 -1,000000 -101,000000 0,000000 0,000000
68 1631708440 145604,800000 -1,000000 -101,000000 0,000000 0,000000
68 1631708441 145604,800000 -1,000000 -101,000000 0,000000 0,000000
68 1631708442 145604,800000 -1,000000 -101,000000 0,000000 0,000000
68 1631708443 145604,800000 -1,000000 -101,000000 0,000000 0,000000
68 1631708449 556,000000 -1,000000 -101,000000 0,000000 0,000000
68 1631708450 556,000000 -1,000000 -101,000000 0,000000 0,000000
68 1631708451 556,000000 -1,000000 -101,000000 0,000000 0,000000
68 1631708452 556,000000 -1,000000 -101,000000 0,000000 0,000000
68 1631708453 556,000000 -1,000000 -101,000000 0,000000 0,000000
68 1631708474 4149,800000 -1,000000 -101,000000 0,000000 0,000000
68 1631708475 4149,800000 -1,000000 -101,000000 0,000000 0,000000
68 1631708476 4149,800000 -1,000000 -101,000000 0,000000 0,000000
68 1631708477 4149,800000 -1,000000 -101,000000 0,000000 0,000000
68 1631708478 4149,800000 -1,000000 -101,000000 0,000000 0,000000
68 1631708479 51150,200000 -1,000000 -101,000000 0,000000 0,000000
68 1631708480 51150,200000 -1,000000 -101,000000 0,000000 0,000000
68 1631708481 51150,200000 -1,000000 -101,000000 0,000000 0,000000
68 1631708482 51150,200000 -1,000000 -101,000000 0,000000 0,000000
68 1631708483 51150,200000 -1,000000 -101,000000 0,000000 0,000000
68 1631708484 66438,200000 -1,000000 -101,000000 0,000000 0,000000
68 1631708485 66438,200000 -1,000000 -101,000000 0,000000 0,000000
68 1631708486 66438,200000 -1,000000 -101,000000 0,000000 0,000000
68 1631708487 66438,200000 -1,000000 -101,000000 0,000000 0,000000
68 1631708488 66438,200000 -1,000000 -101,000000 0,000000 0,000000
68 1631708489 97252,400000 -1,000000 -101,000000 0,000000 0,000000
68 1631708490 97252,400000 -1,000000 -101,000000 0,000000 0,000000
68 1631708491 97252,400000 -1,000000 -101,000000 0,000000 0,000000
68 1631708492 97252,400000 -1,000000 -101,000000 0,000000 0,000000
68 1631708493 97252,400000 -1,000000 -101,000000 0,000000 0,000000
68 1631708494 17480,600000 -1,000000 -101,000000 0,000000 0,000000
68 1631708495 17480,600000 -1,000000 -101,000000 0,000000 0,000000
68 1631708496 17480,600000 -1,000000 -101,000000 0,000000 0,000000
68 1631708497 17480,600000 -1,000000 -101,000000 0,000000 0,000000
68 1631708498 17480,600000 -1,000000 -101,000000 0,000000 0,000000
68 1631708499 5766,600000 -1,000000 -101,000000 0,000000 0,000000
68 1631708500 5766,600000 -1,000000 -101,000000 0,000000 0,000000
68 1631708501 5766,600000 -1,000000 -101,000000 0,000000 0,000000
68 1631708502 5766,600000 -1,000000 -101,000000 0,000000 0,000000
68 1631708503 5766,600000 -1,000000 -101,000000 0,000000 0,000000
68 1631708509 143146,800000 -1,000000 -101,000000 0,000000 0,000000
68 1631708510 143146,800000 -1,000000 -101,000000 0,000000 0,000000
68 1631708511 143146,800000 -1,000000 -101,000000 0,000000 0,000000
68 1631708512 143146,800000 -1,000000 -101,000000 0,000000 0,000000
68 1631708513 143146,800000 -1,000000 -101,000000 0,000000 0,000000
68 1631708519 4148,600000 -1,000000 -101,000000 0,000000 0,000000
68 1631708520 4148,600000 -1,000000 -101,000000 0,000000 0,000000
68 1631708521 4148,600000 -1,000000 -101,000000 0,000000 0,000000
68 1631708522 4148,600000 -1,000000 -101,000000 0,000000 0,000000
68 1631708523 4148,600000 -1,000000 -101,000000 0,000000 0,000000
68 1631708524 2159,400000 -1,000000 -101,000000 0,000000 0,000000
68 1631708525 2159,400000 -1,000000 -101,000000 0,000000 0,000000
68 1631708526 2159,400000 -1,000000 -101,000000 0,000000 0,000000
68 1631708527 2159,400000 -1,000000 -101,000000 0,000000 0,000000
68 1631708528 2159,400000 -1,000000 -101,000000 0,000000 0,000000
68 1631708529 555,200000 -1,000000 -101,000000 0,000000 0,000000
68 1631708530 555,200000 -1,000000 -101,000000 0,000000 0,000000
68 1631708531 555,200000 -1,000000 -101,000000 0,000000 0,000000
68 1631708532 555,200000 -1,000000 -101,000000 0,000000 0,000000
68 1631708533 555,200000 -1,000000 -101,000000 0,000000 0,000000
68 1631708534 49832,800000 -1,000000 -101,000000 0,000000 0,000000
68 1631708535 49832,800000 -1,000000 -101,000000 0,000000 0,000000
68 1631708536 49832,800000 -1,000000 -101,000000 0,000000 0,000000
68 1631708537 49832,800000 -1,000000 -101,000000 0,000000 0,000000
68 1631708538 49832,800000 -1,000000 -101,000000 0,000000 0,000000
68 1631708539 45593,600000 -1,000000 -101,000000 0,000000 0,000000
68 1631708540 45593,600000 -1,000000 -101,000000 0,000000 0,000000
68 1631708541 45593,600000 -1,000000 -101,000000 0,000000 0,000000
68 1631708542 45593,600000 -1,000000 -101,000000 0,000000 0,000000
68 1631708543 45593,600000 -1,000000 -101,000000 0,000000 0,000000
68 1631708559 4149,800000 -1,000000 -101,000000 0,000000 0,000000
68 1631708560 4149,800000 -1,000000 -101,000000 0,000000 0,000000
68 1631708561 4149,800000 -1,000000 -101,000000 0,000000 0,000000
68 1631708562 4149,800000 -1,000000 -101,000000 0,000000 0,000000
68 1631708563 4149,800000 -1,000000 -101,000000 0,000000 0,000000
68 1631708564 16245,000000 -1,000000 -101,000000 0,000000 0,000000
68 1631708565 16245,000000 -1,000000 -101,000000 0,000000 0,000000
68 1631708566 16245,000000 -1,000000 -101,000000 0,000000 0,000000
68 1631708567 16245,000000 -1,000000 -101,000000 0,000000 0,000000
68 1631708568 16245,000000 -1,000000 -101,000000 0,000000 0,000000
68 1631708569 15738,600000 -1,000000 -101,000000 0,000000 0,000000
68 1631708570 15738,600000 -1,000000 -101,000000 0,000000 0,000000
68 1631708571 15738,600000 -1,000000 -101,000000 0,000000 0,000000
68 1631708572 15738,600000 -1,000000 -101,000000 0,000000 0,000000
68 1631708573 15738,600000 -1,000000 -101,000000 0,000000 0,000000
68 1631708574 3389,600000 -1,000000 -101,000000 0,000000 0,000000
68 1631708575 3389,600000 -1,000000 -101,000000 0,000000 0,000000
68 1631708576 3389,600000 -1,000000 -101,000000 0,000000 0,000000
68 1631708577 3389,600000 -1,000000 -101,000000 0,000000 0,000000
68 1631708578 3389,600000 -1,000000 -101,000000 0,000000 0,000000
68 1631708579 147913,200000 -1,000000 -101,000000 0,000000 0,000000
68 1631708580 147913,200000 -1,000000 -101,000000 0,000000 0,000000
68 1631708581 147913,200000 -1,000000 -101,000000 0,000000 0,000000
68 1631708582 147913,200000 -1,000000 -101,000000 0,000000 0,000000
68 1631708583 147913,200000 -1,000000 -101,000000 0,000000 0,000000
68 1631708589 49430,000000 -1,000000 -101,000000 0,000000 0,000000
68 1631708590 49430,000000 -1,000000 -101,000000 0,000000 0,000000
68 1631708591 49430,000000 -1,000000 -101,000000 0,000000 0,000000
68 1631708592 49430,000000 -1,000000 -101,000000 0,000000 0,000000
68 1631708593 49430,000000 -1,000000 -101,000000 0,000000 0,000000
68 1631708594 2656,800000 -1,000000 -101,000000 0,000000 0,000000
68 1631708595 2656,800000 -1,000000 -101,000000 0,000000 0,000000
68 1631708596 2656,800000 -1,000000 -101,000000 0,000000 0,000000
68 1631708597 2656,800000 -1,000000 -101,000000 0,000000 0,000000
68 1631708598 2656,800000 -1,000000 -101,000000 0,000000 0,000000
68 1631708599 49894,000000 -1,000000 -101,000000 0,000000 0,000000
68 1631708600 49894,000000 -1,000000 -101,000000 0,000000 0,000000
68 1631708601 49894,000000 -1,000000 -101,000000 0,000000 0,000000
68 1631708602 49894,000000 -1,000000 -101,000000 0,000000 0,000000
68 1631708603 49894,000000 -1,000000 -101,000000 0,000000 0,000000
68 1631708604 2158,800000 -1,000000 -101,000000 0,000000 0,000000
68 1631708605 2158,800000 -1,000000 -101,000000 0,000000 0,000000
68 1631708606 2158,800000 -1,000000 -101,000000 0,000000 0,000000
68 1631708607 2158,800000 -1,000000 -101,000000 0,000000 0,000000
68 1631708608 2158,800000 -1,000000 -101,000000 0,000000 0,000000
68 1631708614 556,400000 -1,000000 -101,000000 0,000000 0,000000
68 1631708615 556,400000 -1,000000 -101,000000 0,000000 0,000000
68 1631708616 556,400000 -1,000000 -101,000000 0,000000 0,000000
68 1631708617 556,400000 -1,000000 -101,000000 0,000000 0,000000
68 1631708618 556,400000 -1,000000 -101,000000 0,000000 0,000000
68 1631708634 14087,600000 -1,000000 -101,000000 0,000000 0,000000
68 1631708635 14087,600000 -1,000000 -101,000000 0,000000 0,000000
68 1631708636 14087,600000 -1,000000 -101,000000 0,000000 0,000000
68 1631708637 14087,600000 -1,000000 -101,000000 0,000000 0,000000
68 1631708638 14087,600000 -1,000000 -101,000000 0,000000 0,000000
68 1631708639 9933,000000 -1,000000 -101,000000 0,000000 0,000000
68 1631708640 9933,000000 -1,000000 -101,000000 0,000000 0,000000
68 1631708641 9933,000000 -1,000000 -101,000000 0,000000 0,000000
68 1631708642 9933,000000 -1,000000 -101,000000 0,000000 0,000000
68 1631708643 9933,000000 -1,000000 -101,000000 0,000000 0,000000
68 1631708644 193598,400000 -1,000000 -101,000000 0,000000 0,000000
68 1631708645 193598,400000 -1,000000 -101,000000 0,000000 0,000000
68 1631708646 193598,400000 -1,000000 -101,000000 0,000000 0,000000
68 1631708647 193598,400000 -1,000000 -101,000000 0,000000 0,000000
68 1631708648 193598,400000 -1,000000 -101,000000 0,000000 0,000000
68 1631708649 48559,200000 -1,000000 -101,000000 0,000000 0,000000
68 1631708650 48559,200000 -1,000000 -101,000000 0,000000 0,000000
68 1631708651 48559,200000 -1,000000 -101,000000 0,000000 0,000000
68 1631708652 48559,200000 -1,000000 -101,000000 0,000000 0,000000
68 1631708653 48559,200000 -1,000000 -101,000000 0,000000 0,000000
68 1631708654 107123,600000 -1,000000 -101,000000 0,000000 0,000000
68 1631708655 107123,600000 -1,000000 -101,000000 0,000000 0,000000
68 1631708656 107123,600000 -1,000000 -101,000000 0,000000 0,000000
68 1631708657 107123,600000 -1,000000 -101,000000 0,000000 0,000000
68 1631708658 107123,600000 -1,000000 -101,000000 0,000000 0,000000
68 1631708659 3392,800000 -1,000000 -101,000000 0,000000 0,000000
68 1631708660 3392,800000 -1,000000 -101,000000 0,000000 0,000000
68 1631708661 3392,800000 -1,000000 -101,000000 0,000000 0,000000
68 1631708662 3392,800000 -1,000000 -101,000000 0,000000 0,000000
68 1631708663 3392,800000 -1,000000 -101,000000 0,000000 0,000000
68 1631708738 556,400000 -1,000000 556,400000 556,400000 0,000000
68 1631708737 556,400000 -1,000000 556,400000 556,400000 0,000000
68 1631708736 556,400000 -1,000000 556,400000 556,400000 0,000000
68 1631708735 556,400000 -1,000000 556,400000 556,400000 0,000000
68 1631708734 556,400000 -1,000000 556,400000 556,400000 0,000000
68 1631708733 2158,600000 -1,000000 2158,600000 2158,600000 0,000000
68 1631708732 2158,600000 -1,000000 2158,600000 2158,600000 0,000000
68 1631708731 2158,600000 -1,000000 2158,600000 2158,600000 0,000000
68 1631708730 2158,600000 -1,000000 2158,600000 2158,600000 0,000000
68 1631708729 2158,600000 -1,000000 2158,600000 2158,600000 0,000000
68 1631708728 4149,800000 -1,000000 4149,800000 4149,800000 0,000000
68 1631708727 4149,800000 -1,000000 4149,800000 4149,800000 0,000000
68 1631708726 4149,800000 -1,000000 4149,800000 4149,800000 0,000000
68 1631708725 4149,800000 -1,000000 4149,800000 4149,800000 0,000000
68 1631708724 4149,800000 -1,000000 4149,800000 4149,800000 0,000000
68 1631708718 143283,400000 -1,000000 143283,400000 143283,400000 0,000000
68 1631708717 143283,400000 -1,000000 143283,400000 143283,400000 0,000000
68 1631708716 143283,400000 -1,000000 143283,400000 143283,400000 0,000000
68 1631708715 143283,400000 -1,000000 143283,400000 143283,400000 0,000000
68 1631708714 143283,400000 -1,000000 143283,400000 143283,400000 0,000000
68 1631708713 5771,400000 -1,000000 5771,400000 5771,400000 0,000000
68 1631708712 5771,400000 -1,000000 5771,400000 5771,400000 0,000000
68 1631708711 5771,400000 -1,000000 5771,400000 5771,400000 0,000000
68 1631708710 5771,400000 -1,000000 5771,400000 5771,400000 0,000000
68 1631708709 5771,400000 -1,000000 5771,400000 5771,400000 0,000000
68 1631708708 60157,800000 -1,000000 60157,800000 60157,800000 0,000000
68 1631708707 60157,800000 -1,000000 60157,800000 60157,800000 0,000000
68 1631708706 60157,800000 -1,000000 60157,800000 60157,800000 0,000000
68 1631708705 60157,800000 -1,000000 60157,800000 60157,800000 0,000000
68 1631708704 60157,800000 -1,000000 60157,800000 60157,800000 0,000000
68 1631708703 47651,200000 -1,000000 47651,200000 47651,200000 0,000000
68 1631708702 47651,200000 -1,000000 47651,200000 47651,200000 0,000000
68 1631708701 47651,200000 -1,000000 47651,200000 47651,200000 0,000000
68 1631708700 47651,200000 -1,000000 47651,200000 47651,200000 0,000000
68 1631708699 47651,200000 -1,000000 47651,200000 47651,200000 0,000000
68 1631708698 555,400000 -1,000000 555,400000 555,400000 0,000000
68 1631708697 555,400000 -1,000000 555,400000 555,400000 0,000000
68 1631708696 555,400000 -1,000000 555,400000 555,400000 0,000000
68 1631708695 555,400000 -1,000000 555,400000 555,400000 0,000000
68 1631708694 555,400000 -1,000000 555,400000 555,400000 0,000000
68 1631708693 2160,200000 -1,000000 2160,200000 2160,200000 0,000000
68 1631708692 2160,200000 -1,000000 2160,200000 2160,200000 0,000000
68 1631708691 2160,200000 -1,000000 2160,200000 2160,200000 0,000000
68 1631708690 2160,200000 -1,000000 2160,200000 2160,200000 0,000000
68 1631708689 2160,200000 -1,000000 2160,200000 2160,200000 0,000000
68 1631708683 4149,600000 -1,000000 4149,600000 4149,600000 0,000000
68 1631708682 4149,600000 -1,000000 4149,600000 4149,600000 0,000000
68 1631708681 4149,600000 -1,000000 4149,600000 4149,600000 0,000000
68 1631708680 4149,600000 -1,000000 4149,600000 4149,600000 0,000000
68 1631708679 4149,600000 -1,000000 4149,600000 4149,600000 0,000000
68 1631708679 4149,600000 -1,000000 -101,000000 0,000000 0,000000
68 1631708680 4149,600000 -1,000000 -101,000000 0,000000 0,000000
68 1631708681 4149,600000 -1,000000 -101,000000 0,000000 0,000000
68 1631708682 4149,600000 -1,000000 -101,000000 0,000000 0,000000
68 1631708683 4149,600000 -1,000000 -101,000000 0,000000 0,000000
68 1631708689 2160,200000 -1,000000 -101,000000 0,000000 0,000000
68 1631708690 2160,200000 -1,000000 -101,000000 0,000000 0,000000
68 1631708691 2160,200000 -1,000000 -101,000000 0,000000 0,000000
68 1631708692 2160,200000 -1,000000 -101,000000 0,000000 0,000000
68 1631708693 2160,200000 -1,000000 -101,000000 0,000000 0,000000
68 1631708694 555,400000 -1,000000 -101,000000 0,000000 0,000000
68 1631708695 555,400000 -1,000000 -101,000000 0,000000 0,000000
68 1631708696 555,400000 -1,000000 -101,000000 0,000000 0,000000
68 1631708697 555,400000 -1,000000 -101,000000 0,000000 0,000000
68 1631708698 555,400000 -1,000000 -101,000000 0,000000 0,000000
68 1631708699 47651,200000 -1,000000 -101,000000 0,000000 0,000000
68 1631708700 47651,200000 -1,000000 -101,000000 0,000000 0,000000
68 1631708701 47651,200000 -1,000000 -101,000000 0,000000 0,000000
68 1631708702 47651,200000 -1,000000 -101,000000 0,000000 0,000000
68 1631708703 47651,200000 -1,000000 -101,000000 0,000000 0,000000
68 1631708704 60157,800000 -1,000000 -101,000000 0,000000 0,000000
68 1631708705 60157,800000 -1,000000 -101,000000 0,000000 0,000000
68 1631708706 60157,800000 -1,000000 -101,000000 0,000000 0,000000
68 1631708707 60157,800000 -1,000000 -101,000000 0,000000 0,000000
68 1631708708 60157,800000 -1,000000 -101,000000 0,000000 0,000000
68 1631708709 5771,400000 -1,000000 -101,000000 0,000000 0,000000
68 1631708710 5771,400000 -1,000000 -101,000000 0,000000 0,000000
68 1631708711 5771,400000 -1,000000 -101,000000 0,000000 0,000000
68 1631708712 5771,400000 -1,000000 -101,000000 0,000000 0,000000
68 1631708713 5771,400000 -1,000000 -101,000000 0,000000 0,000000
68 1631708714 143283,400000 -1,000000 -101,000000 0,000000 0,000000
68 1631708715 143283,400000 -1,000000 -101,000000 0,000000 0,000000
68 1631708716 143283,400000 -1,000000 -101,000000 0,000000 0,000000
68 1631708717 143283,400000 -1,000000 -101,000000 0,000000 0,000000
68 1631708718 143283,400000 -1,000000 -101,000000 0,000000 0,000000
68 1631708724 4149,800000 -1,000000 -101,000000 0,000000 0,000000
68 1631708725 4149,800000 -1,000000 -101,000000 0,000000 0,000000
68 1631708726 4149,800000 -1,000000 -101,000000 0,000000 0,000000
68 1631708727 4149,800000 -1,000000 -101,000000 0,000000 0,000000
68 1631708728 4149,800000 -1,000000 -101,000000 0,000000 0,000000
68 1631708729 2158,600000 -1,000000 -101,000000 0,000000 0,000000
68 1631708730 2158,600000 -1,000000 -101,000000 0,000000 0,000000
68 1631708731 2158,600000 -1,000000 -101,000000 0,000000 0,000000
68 1631708732 2158,600000 -1,000000 -101,000000 0,000000 0,000000
68 1631708733 2158,600000 -1,000000 -101,000000 0,000000 0,000000
68 1631708734 556,400000 -1,000000 -101,000000 0,000000 0,000000
68 1631708735 556,400000 -1,000000 -101,000000 0,000000 0,000000
68 1631708736 556,400000 -1,000000 -101,000000 0,000000 0,000000
68 1631708737 556,400000 -1,000000 -101,000000 0,000000 0,000000
68 1631708738 556,400000 -1,000000 -101,000000 0,000000 0,000000
68 1631708739 9392,000000 -1,000000 -101,000000 0,000000 0,000000
68 1631708740 9392,000000 -1,000000 -101,000000 0,000000 0,000000
68 1631708741 9392,000000 -1,000000 -101,000000 0,000000 0,000000
68 1631708742 9392,000000 -1,000000 -101,000000 0,000000 0,000000
68 1631708743 9392,000000 -1,000000 -101,000000 0,000000 0,000000
68 1631708744 3397,200000 -1,000000 -101,000000 0,000000 0,000000
68 1631708745 3397,200000 -1,000000 -101,000000 0,000000 0,000000
68 1631708746 3397,200000 -1,000000 -101,000000 0,000000 0,000000
68 1631708747 3397,200000 -1,000000 -101,000000 0,000000 0,000000
68 1631708748 3397,200000 -1,000000 -101,000000 0,000000 0,000000
68 1631708754 49778,600000 -1,000000 -101,000000 0,000000 0,000000
68 1631708755 49778,600000 -1,000000 -101,000000 0,000000 0,000000
68 1631708756 49778,600000 -1,000000 -101,000000 0,000000 0,000000
68 1631708757 49778,600000 -1,000000 -101,000000 0,000000 0,000000
68 1631708758 49778,600000 -1,000000 -101,000000 0,000000 0,000000
68 1631708764 49689,600000 -1,000000 -101,000000 0,000000 0,000000
68 1631708765 49689,600000 -1,000000 -101,000000 0,000000 0,000000
68 1631708766 49689,600000 -1,000000 -101,000000 0,000000 0,000000
68 1631708767 49689,600000 -1,000000 -101,000000 0,000000 0,000000
68 1631708768 49689,600000 -1,000000 -101,000000 0,000000 0,000000
68 1631708769 16242,600000 -1,000000 -101,000000 0,000000 0,000000
68 1631708770 16242,600000 -1,000000 -101,000000 0,000000 0,000000
68 1631708771 16242,600000 -1,000000 -101,000000 0,000000 0,000000
68 1631708772 16242,600000 -1,000000 -101,000000 0,000000 0,000000
68 1631708773 16242,600000 -1,000000 -101,000000 0,000000 0,000000
68 1631708774 556,400000 -1,000000 -101,000000 0,000000 0,000000
68 1631708775 556,400000 -1,000000 -101,000000 0,000000 0,000000
68 1631708776 556,400000 -1,000000 -101,000000 0,000000 0,000000
68 1631708777 556,400000 -1,000000 -101,000000 0,000000 0,000000
68 1631708778 556,400000 -1,000000 -101,000000 0,000000 0,000000
68 1631708779 5789,600000 -1,000000 -101,000000 0,000000 0,000000
68 1631708780 5789,600000 -1,000000 -101,000000 0,000000 0,000000
68 1631708781 5789,600000 -1,000000 -101,000000 0,000000 0,000000
68 1631708782 5789,600000 -1,000000 -101,000000 0,000000 0,000000
68 1631708783 5789,600000 -1,000000 -101,000000 0,000000 0,000000
68 1631708784 136909,200000 -1,000000 -101,000000 0,000000 0,000000
68 1631708785 136909,200000 -1,000000 -101,000000 0,000000 0,000000
68 1631708786 136909,200000 -1,000000 -101,000000 0,000000 0,000000
68 1631708787 136909,200000 -1,000000 -101,000000 0,000000 0,000000
68 1631708788 136909,200000 -1,000000 -101,000000 0,000000 0,000000
68 1631708804 4149,600000 -1,000000 -101,000000 0,000000 0,000000
68 1631708805 4149,600000 -1,000000 -101,000000 0,000000 0,000000
68 1631708806 4149,600000 -1,000000 -101,000000 0,000000 0,000000
68 1631708807 4149,600000 -1,000000 -101,000000 0,000000 0,000000
68 1631708808 4149,600000 -1,000000 -101,000000 0,000000 0,000000
68 1631708809 52637,200000 -1,000000 -101,000000 0,000000 0,000000
68 1631708810 52637,200000 -1,000000 -101,000000 0,000000 0,000000
68 1631708811 52637,200000 -1,000000 -101,000000 0,000000 0,000000
68 1631708812 52637,200000 -1,000000 -101,000000 0,000000 0,000000
68 1631708813 52637,200000 -1,000000 -101,000000 0,000000 0,000000
68 1631708814 5872,800000 -1,000000 -101,000000 0,000000 0,000000
68 1631708815 5872,800000 -1,000000 -101,000000 0,000000 0,000000
68 1631708816 5872,800000 -1,000000 -101,000000 0,000000 0,000000
68 1631708817 5872,800000 -1,000000 -101,000000 0,000000 0,000000
68 1631708818 5872,800000 -1,000000 -101,000000 0,000000 0,000000
68 1631708819 144261,200000 -1,000000 -101,000000 0,000000 0,000000
68 1631708820 144261,200000 -1,000000 -101,000000 0,000000 0,000000
68 1631708821 144261,200000 -1,000000 -101,000000 0,000000 0,000000
68 1631708822 144261,200000 -1,000000 -101,000000 0,000000 0,000000
68 1631708823 144261,200000 -1,000000 -101,000000 0,000000 0,000000
68 1631708824 9943,800000 -1,000000 -101,000000 0,000000 0,000000
68 1631708825 9943,800000 -1,000000 -101,000000 0,000000 0,000000
68 1631708826 9943,800000 -1,000000 -101,000000 0,000000 0,000000
68 1631708827 9943,800000 -1,000000 -101,000000 0,000000 0,000000
68 1631708828 9943,800000 -1,000000 -101,000000 0,000000 0,000000
68 1631708829 3400,600000 -1,000000 -101,000000 0,000000 0,000000
68 1631708830 3400,600000 -1,000000 -101,000000 0,000000 0,000000
68 1631708831 3400,600000 -1,000000 -101,000000 0,000000 0,000000
68 1631708832 3400,600000 -1,000000 -101,000000 0,000000 0,000000
68 1631708833 3400,600000 -1,000000 -101,000000 0,000000 0,000000
68 1631708839 14080,600000 -1,000000 -101,000000 0,000000 0,000000
68 1631708840 14080,600000 -1,000000 -101,000000 0,000000 0,000000
68 1631708841 14080,600000 -1,000000 -101,000000 0,000000 0,000000
68 1631708842 14080,600000 -1,000000 -101,000000 0,000000 0,000000
68 1631708843 14080,600000 -1,000000 -101,000000 0,000000 0,000000
68 1631708844 9918,000000 -1,000000 -101,000000 0,000000 0,000000
68 1631708845 9918,000000 -1,000000 -101,000000 0,000000 0,000000
68 1631708846 9918,000000 -1,000000 -101,000000 0,000000 0,000000
68 1631708847 9918,000000 -1,000000 -101,000000 0,000000 0,000000
68 1631708848 9918,000000 -1,000000 -101,000000 0,000000 0,000000
68 1631708849 2159,000000 -1,000000 -101,000000 0,000000 0,000000
68 1631708850 2159,000000 -1,000000 -101,000000 0,000000 0,000000
68 1631708851 2159,000000 -1,000000 -101,000000 0,000000 0,000000
68 1631708852 2159,000000 -1,000000 -101,000000 0,000000 0,000000
68 1631708853 2159,000000 -1,000000 -101,000000 0,000000 0,000000
68 1631708854 137406,600000 -1,000000 -101,000000 0,000000 0,000000
68 1631708855 137406,600000 -1,000000 -101,000000 0,000000 0,000000
68 1631708856 137406,600000 -1,000000 -101,000000 0,000000 0,000000
68 1631708857 137406,600000 -1,000000 -101,000000 0,000000 0,000000
68 1631708858 137406,600000 -1,000000 -101,000000 0,000000 0,000000
68 1631708859 556,200000 -1,000000 -101,000000 0,000000 0,000000
68 1631708860 556,200000 -1,000000 -101,000000 0,000000 0,000000
68 1631708861 556,200000 -1,000000 -101,000000 0,000000 0,000000
68 1631708862 556,200000 -1,000000 -101,000000 0,000000 0,000000
68 1631708863 556,200000 -1,000000 -101,000000 0,000000 0,000000
68 1631708864 50622,400000 -1,000000 -101,000000 0,000000 0,000000
68 1631708865 50622,400000 -1,000000 -101,000000 0,000000 0,000000
68 1631708866 50622,400000 -1,000000 -101,000000 0,000000 0,000000
68 1631708867 50622,400000 -1,000000 -101,000000 0,000000 0,000000
68 1631708868 50622,400000 -1,000000 -101,000000 0,000000 0,000000
68 1631708874 46385,800000 -1,000000 -101,000000 0,000000 0,000000
68 1631708875 46385,800000 -1,000000 -101,000000 0,000000 0,000000
68 1631708876 46385,800000 -1,000000 -101,000000 0,000000 0,000000
68 1631708877 46385,800000 -1,000000 -101,000000 0,000000 0,000000
68 1631708878 46385,800000 -1,000000 -101,000000 0,000000 0,000000
68 1631708884 4149,000000 -1,000000 -101,000000 0,000000 0,000000
68 1631708885 4149,000000 -1,000000 -101,000000 0,000000 0,000000
68 1631708886 4149,000000 -1,000000 -101,000000 0,000000 0,000000
68 1631708887 4149,000000 -1,000000 -101,000000 0,000000 0,000000
68 1631708888 4149,000000 -1,000000 -101,000000 0,000000 0,000000
68 1631708894 2160,000000 -1,000000 -101,000000 0,000000 0,000000
68 1631708895 2160,000000 -1,000000 -101,000000 0,000000 0,000000
68 1631708896 2160,000000 -1,000000 -101,000000 0,000000 0,000000
68 1631708897 2160,000000 -1,000000 -101,000000 0,000000 0,000000
68 1631708898 2160,000000 -1,000000 -101,000000 0,000000 0,000000
68 1631708899 556,000000 -1,000000 -101,000000 0,000000 0,000000
68 1631708900 556,000000 -1,000000 -101,000000 0,000000 0,000000
68 1631708901 556,000000 -1,000000 -101,000000 0,000000 0,000000
68 1631708902 556,000000 -1,000000 -101,000000 0,000000 0,000000
68 1631708903 556,000000 -1,000000 -101,000000 0,000000 0,000000
68 1631708904 9389,800000 -1,000000 -101,000000 0,000000 0,000000
68 1631708905 9389,800000 -1,000000 -101,000000 0,000000 0,000000
68 1631708906 9389,800000 -1,000000 -101,000000 0,000000 0,000000
68 1631708907 9389,800000 -1,000000 -101,000000 0,000000 0,000000
68 1631708908 9389,800000 -1,000000 -101,000000 0,000000 0,000000
68 1631708909 14081,000000 -1,000000 -101,000000 0,000000 0,000000
68 1631708910 14081,000000 -1,000000 -101,000000 0,000000 0,000000
68 1631708911 14081,000000 -1,000000 -101,000000 0,000000 0,000000
68 1631708912 14081,000000 -1,000000 -101,000000 0,000000 0,000000
68 1631708913 14081,000000 -1,000000 -101,000000 0,000000 0,000000
68 1631708914 9175,200000 -1,000000 -101,000000 0,000000 0,000000
68 1631708915 9175,200000 -1,000000 -101,000000 0,000000 0,000000
68 1631708916 9175,200000 -1,000000 -101,000000 0,000000 0,000000
68 1631708917 9175,200000 -1,000000 -101,000000 0,000000 0,000000
68 1631708918 9175,200000 -1,000000 -101,000000 0,000000 0,000000
68 1631708919 50116,800000 -1,000000 -101,000000 0,000000 0,000000
68 1631708920 50116,800000 -1,000000 -101,000000 0,000000 0,000000
68 1631708921 50116,800000 -1,000000 -101,000000 0,000000 0,000000
68 1631708922 50116,800000 -1,000000 -101,000000 0,000000 0,000000
68 1631708923 50116,800000 -1,000000 -101,000000 0,000000 0,000000
68 1631708924 143792,600000 -1,000000 -101,000000 0,000000 0,000000
68 1631708925 143792,600000 -1,000000 -101,000000 0,000000 0,000000
68 1631708926 143792,600000 -1,000000 -101,000000 0,000000 0,000000
68 1631708927 143792,600000 -1,000000 -101,000000 0,000000 0,000000
68 1631708928 143792,600000 -1,000000 -101,000000 0,000000 0,000000
68 1631708929 52684,400000 -1,000000 -101,000000 0,000000 0,000000
68 1631708930 52684,400000 -1,000000 -101,000000 0,000000 0,000000
68 1631708931 52684,400000 -1,000000 -101,000000 0,000000 0,000000
68 1631708932 52684,400000 -1,000000 -101,000000 0,000000 0,000000
68 1631708933 52684,400000 -1,000000 -101,000000 0,000000 0,000000
68 1631708934 2714,600000 -1,000000 -101,000000 0,000000 0,000000
68 1631708935 2714,600000 -1,000000 -101,000000 0,000000 0,000000
68 1631708936 2714,600000 -1,000000 -101,000000 0,000000 0,000000
68 1631708937 2714,600000 -1,000000 -101,000000 0,000000 0,000000
68 1631708938 2714,600000 -1,000000 -101,000000 0,000000 0,000000
68 1631708939 556,000000 -1,000000 -101,000000 0,000000 0,000000
68 1631708940 556,000000 -1,000000 -101,000000 0,000000 0,000000
68 1631708941 556,000000 -1,000000 -101,000000 0,000000 0,000000
68 1631708942 556,000000 -1,000000 -101,000000 0,000000 0,000000
68 1631708943 556,000000 -1,000000 -101,000000 0,000000 0,000000
68 1631708969 4149,800000 -1,000000 -101,000000 0,000000 0,000000
68 1631708970 4149,800000 -1,000000 -101,000000 0,000000 0,000000
68 1631708971 4149,800000 -1,000000 -101,000000 0,000000 0,000000
68 1631708972 4149,800000 -1,000000 -101,000000 0,000000 0,000000
68 1631708973 4149,800000 -1,000000 -101,000000 0,000000 0,000000
68 1631708974 52173,800000 -1,000000 -101,000000 0,000000 0,000000
68 1631708975 52173,800000 -1,000000 -101,000000 0,000000 0,000000
68 1631708976 52173,800000 -1,000000 -101,000000 0,000000 0,000000
68 1631708977 52173,800000 -1,000000 -101,000000 0,000000 0,000000
68 1631708978 52173,800000 -1,000000 -101,000000 0,000000 0,000000
68 1631708979 19955,200000 -1,000000 -101,000000 0,000000 0,000000
68 1631708980 19955,200000 -1,000000 -101,000000 0,000000 0,000000
68 1631708981 19955,200000 -1,000000 -101,000000 0,000000 0,000000
68 1631708982 19955,200000 -1,000000 -101,000000 0,000000 0,000000
68 1631708983 19955,200000 -1,000000 -101,000000 0,000000 0,000000
68 1631708984 51548,000000 -1,000000 -101,000000 0,000000 0,000000
68 1631708985 51548,000000 -1,000000 -101,000000 0,000000 0,000000
68 1631708986 51548,000000 -1,000000 -101,000000 0,000000 0,000000
68 1631708987 51548,000000 -1,000000 -101,000000 0,000000 0,000000
68 1631708988 51548,000000 -1,000000 -101,000000 0,000000 0,000000
68 1631708989 252901,200000 -1,000000 -101,000000 0,000000 0,000000
68 1631708990 252901,200000 -1,000000 -101,000000 0,000000 0,000000
68 1631708991 252901,200000 -1,000000 -101,000000 0,000000 0,000000
68 1631708992 252901,200000 -1,000000 -101,000000 0,000000 0,000000
68 1631708993 252901,200000 -1,000000 -101,000000 0,000000 0,000000
68 1631708994 3387,200000 -1,000000 -101,000000 0,000000 0,000000
68 1631708995 3387,200000 -1,000000 -101,000000 0,000000 0,000000
68 1631708996 3387,200000 -1,000000 -101,000000 0,000000 0,000000
68 1631708997 3387,200000 -1,000000 -101,000000 0,000000 0,000000
68 1631708998 3387,200000 -1,000000 -101,000000 0,000000 0,000000
68 1631709009 4148,600000 -1,000000 -101,000000 0,000000 0,000000
68 1631709010 4148,600000 -1,000000 -101,000000 0,000000 0,000000
68 1631709011 4148,600000 -1,000000 -101,000000 0,000000 0,000000
68 1631709012 4148,600000 -1,000000 -101,000000 0,000000 0,000000
68 1631709013 4148,600000 -1,000000 -101,000000 0,000000 0,000000
68 1631709014 2160,200000 -1,000000 -101,000000 0,000000 0,000000
68 1631709015 2160,200000 -1,000000 -101,000000 0,000000 0,000000
68 1631709016 2160,200000 -1,000000 -101,000000 0,000000 0,000000
68 1631709017 2160,200000 -1,000000 -101,000000 0,000000 0,000000
68 1631709018 2160,200000 -1,000000 -101,000000 0,000000 0,000000
68 1631709024 556,400000 -1,000000 -101,000000 0,000000 0,000000
68 1631709025 556,400000 -1,000000 -101,000000 0,000000 0,000000
68 1631709026 556,400000 -1,000000 -101,000000 0,000000 0,000000
68 1631709027 556,400000 -1,000000 -101,000000 0,000000 0,000000
68 1631709028 556,400000 -1,000000 -101,000000 0,000000 0,000000
68 1631709029 51604,200000 -1,000000 -101,000000 0,000000 0,000000
68 1631709030 51604,200000 -1,000000 -101,000000 0,000000 0,000000
68 1631709031 51604,200000 -1,000000 -101,000000 0,000000 0,000000
68 1631709032 51604,200000 -1,000000 -101,000000 0,000000 0,000000
68 1631709033 51604,200000 -1,000000 -101,000000 0,000000 0,000000
68 1631709039 50019,200000 -1,000000 -101,000000 0,000000 0,000000
68 1631709040 50019,200000 -1,000000 -101,000000 0,000000 0,000000
68 1631709041 50019,200000 -1,000000 -101,000000 0,000000 0,000000
68 1631709042 50019,200000 -1,000000 -101,000000 0,000000 0,000000
68 1631709043 50019,200000 -1,000000 -101,000000 0,000000 0,000000
68 1631709044 555,200000 -1,000000 -101,000000 0,000000 0,000000
68 1631709045 555,200000 -1,000000 -101,000000 0,000000 0,000000
68 1631709046 555,200000 -1,000000 -101,000000 0,000000 0,000000
68 1631709047 555,200000 -1,000000 -101,000000 0,000000 0,000000
68 1631709048 555,200000 -1,000000 -101,000000 0,000000 0,000000
68 1631709049 18231,600000 -1,000000 -101,000000 0,000000 0,000000
68 1631709050 18231,600000 -1,000000 -101,000000 0,000000 0,000000
68 1631709051 18231,600000 -1,000000 -101,000000 0,000000 0,000000
68 1631709052 18231,600000 -1,000000 -101,000000 0,000000 0,000000
68 1631709053 18231,600000 -1,000000 -101,000000 0,000000 0,000000
68 1631709054 7927,400000 -1,000000 -101,000000 0,000000 0,000000
68 1631709055 7927,400000 -1,000000 -101,000000 0,000000 0,000000
68 1631709056 7927,400000 -1,000000 -101,000000 0,000000 0,000000
68 1631709057 7927,400000 -1,000000 -101,000000 0,000000 0,000000
68 1631709058 7927,400000 -1,000000 -101,000000 0,000000 0,000000
68 1631709059 146313,000000 -1,000000 -101,000000 0,000000 0,000000
68 1631709060 146313,000000 -1,000000 -101,000000 0,000000 0,000000
68 1631709061 146313,000000 -1,000000 -101,000000 0,000000 0,000000
68 1631709062 146313,000000 -1,000000 -101,000000 0,000000 0,000000
68 1631709063 146313,000000 -1,000000 -101,000000 0,000000 0,000000
68 1631709064 554,800000 -1,000000 -101,000000 0,000000 0,000000
68 1631709065 554,800000 -1,000000 -101,000000 0,000000 0,000000
68 1631709066 554,800000 -1,000000 -101,000000 0,000000 0,000000
68 1631709067 554,800000 -1,000000 -101,000000 0,000000 0,000000
68 1631709068 554,800000 -1,000000 -101,000000 0,000000 0,000000
68 1631709074 9388,000000 -1,000000 -101,000000 0,000000 0,000000
68 1631709075 9388,000000 -1,000000 -101,000000 0,000000 0,000000
68 1631709076 9388,000000 -1,000000 -101,000000 0,000000 0,000000
68 1631709077 9388,000000 -1,000000 -101,000000 0,000000 0,000000
68 1631709078 9388,000000 -1,000000 -101,000000 0,000000 0,000000
68 1631709079 3392,800000 -1,000000 -101,000000 0,000000 0,000000
68 1631709080 3392,800000 -1,000000 -101,000000 0,000000 0,000000
68 1631709081 3392,800000 -1,000000 -101,000000 0,000000 0,000000
68 1631709082 3392,800000 -1,000000 -101,000000 0,000000 0,000000
68 1631709083 3392,800000 -1,000000 -101,000000 0,000000 0,000000
68 1631709084 50286,200000 -1,000000 -101,000000 0,000000 0,000000
68 1631709085 50286,200000 -1,000000 -101,000000 0,000000 0,000000
68 1631709086 50286,200000 -1,000000 -101,000000 0,000000 0,000000
68 1631709087 50286,200000 -1,000000 -101,000000 0,000000 0,000000
68 1631709088 50286,200000 -1,000000 -101,000000 0,000000 0,000000
68 1631709089 50197,000000 -1,000000 -101,000000 0,000000 0,000000
68 1631709090 50197,000000 -1,000000 -101,000000 0,000000 0,000000
68 1631709091 50197,000000 -1,000000 -101,000000 0,000000 0,000000
68 1631709092 50197,000000 -1,000000 -101,000000 0,000000 0,000000
68 1631709093 50197,000000 -1,000000 -101,000000 0,000000 0,000000
68 1631709099 2159,200000 -1,000000 -101,000000 0,000000 0,000000
68 1631709100 2159,200000 -1,000000 -101,000000 0,000000 0,000000
68 1631709101 2159,200000 -1,000000 -101,000000 0,000000 0,000000
68 1631709102 2159,200000 -1,000000 -101,000000 0,000000 0,000000
68 1631709103 2159,200000 -1,000000 -101,000000 0,000000 0,000000
68 1631709104 556,400000 -1,000000 -101,000000 0,000000 0,000000
68 1631709105 556,400000 -1,000000 -101,000000 0,000000 0,000000
68 1631709106 556,400000 -1,000000 -101,000000 0,000000 0,000000
68 1631709107 556,400000 -1,000000 -101,000000 0,000000 0,000000
68 1631709108 556,400000 -1,000000 -101,000000 0,000000 0,000000
68 1631709114 14088,800000 -1,000000 -101,000000 0,000000 0,000000
68 1631709115 14088,800000 -1,000000 -101,000000 0,000000 0,000000
68 1631709116 14088,800000 -1,000000 -101,000000 0,000000 0,000000
68 1631709117 14088,800000 -1,000000 -101,000000 0,000000 0,000000
68 1631709118 14088,800000 -1,000000 -101,000000 0,000000 0,000000
68 1631709124 5780,200000 -1,000000 -101,000000 0,000000 0,000000
68 1631709125 5780,200000 -1,000000 -101,000000 0,000000 0,000000
68 1631709126 5780,200000 -1,000000 -101,000000 0,000000 0,000000
68 1631709127 5780,200000 -1,000000 -101,000000 0,000000 0,000000
68 1631709128 5780,200000 -1,000000 -101,000000 0,000000 0,000000
68 1631709129 144798,000000 -1,000000 -101,000000 0,000000 0,000000
68 1631709130 144798,000000 -1,000000 -101,000000 0,000000 0,000000
68 1631709131 144798,000000 -1,000000 -101,000000 0,000000 0,000000
68 1631709132 144798,000000 -1,000000 -101,000000 0,000000 0,000000
68 1631709133 144798,000000 -1,000000 -101,000000 0,000000 0,000000
68 1631709134 4149,000000 -1,000000 -101,000000 0,000000 0,000000
68 1631709135 4149,000000 -1,000000 -101,000000 0,000000 0,000000
68 1631709136 4149,000000 -1,000000 -101,000000 0,000000 0,000000
68 1631709137 4149,000000 -1,000000 -101,000000 0,000000 0,000000
68 1631709138 4149,000000 -1,000000 -101,000000 0,000000 0,000000
68 1631709139 52035,000000 -1,000000 -101,000000 0,000000 0,000000
68 1631709140 52035,000000 -1,000000 -101,000000 0,000000 0,000000
68 1631709141 52035,000000 -1,000000 -101,000000 0,000000 0,000000
68 1631709142 52035,000000 -1,000000 -101,000000 0,000000 0,000000
68 1631709143 52035,000000 -1,000000 -101,000000 0,000000 0,000000
68 1631709144 555,600000 -1,000000 -101,000000 0,000000 0,000000
68 1631709145 555,600000 -1,000000 -101,000000 0,000000 0,000000
68 1631709146 555,600000 -1,000000 -101,000000 0,000000 0,000000
68 1631709147 555,600000 -1,000000 -101,000000 0,000000 0,000000
68 1631709148 555,600000 -1,000000 -101,000000 0,000000 0,000000
68 1631709149 53607,400000 -1,000000 -101,000000 0,000000 0,000000
68 1631709150 53607,400000 -1,000000 -101,000000 0,000000 0,000000
68 1631709151 53607,400000 -1,000000 -101,000000 0,000000 0,000000
68 1631709152 53607,400000 -1,000000 -101,000000 0,000000 0,000000
68 1631709153 53607,400000 -1,000000 -101,000000 0,000000 0,000000
68 1631709154 92388,400000 -1,000000 -101,000000 0,000000 0,000000
68 1631709155 92388,400000 -1,000000 -101,000000 0,000000 0,000000
68 1631709156 92388,400000 -1,000000 -101,000000 0,000000 0,000000
68 1631709157 92388,400000 -1,000000 -101,000000 0,000000 0,000000
68 1631709158 92388,400000 -1,000000 -101,000000 0,000000 0,000000
68 1631709159 9387,600000 -1,000000 -101,000000 0,000000 0,000000
68 1631709160 9387,600000 -1,000000 -101,000000 0,000000 0,000000
68 1631709161 9387,600000 -1,000000 -101,000000 0,000000 0,000000
68 1631709162 9387,600000 -1,000000 -101,000000 0,000000 0,000000
68 1631709163 9387,600000 -1,000000 -101,000000 0,000000 0,000000
68 1631709164 3391,600000 -1,000000 -101,000000 0,000000 0,000000
68 1631709165 3391,600000 -1,000000 -101,000000 0,000000 0,000000
68 1631709166 3391,600000 -1,000000 -101,000000 0,000000 0,000000
68 1631709167 3391,600000 -1,000000 -101,000000 0,000000 0,000000
68 1631709168 3391,600000 -1,000000 -101,000000 0,000000 0,000000
68 1631709174 4149,600000 -1,000000 -101,000000 0,000000 0,000000
68 1631709175 4149,600000 -1,000000 -101,000000 0,000000 0,000000
68 1631709176 4149,600000 -1,000000 -101,000000 0,000000 0,000000
68 1631709177 4149,600000 -1,000000 -101,000000 0,000000 0,000000
68 1631709178 4149,600000 -1,000000 -101,000000 0,000000 0,000000
68 1631709179 2160,200000 -1,000000 -101,000000 0,000000 0,000000
68 1631709180 2160,200000 -1,000000 -101,000000 0,000000 0,000000
68 1631709181 2160,200000 -1,000000 -101,000000 0,000000 0,000000
68 1631709182 2160,200000 -1,000000 -101,000000 0,000000 0,000000
68 1631709183 2160,200000 -1,000000 -101,000000 0,000000 0,000000
68 1631709184 14638,600000 -1,000000 -101,000000 0,000000 0,000000
68 1631709185 14638,600000 -1,000000 -101,000000 0,000000 0,000000
68 1631709186 14638,600000 -1,000000 -101,000000 0,000000 0,000000
68 1631709187 14638,600000 -1,000000 -101,000000 0,000000 0,000000
68 1631709188 14638,600000 -1,000000 -101,000000 0,000000 0,000000
68 1631709189 5776,400000 -1,000000 -101,000000 0,000000 0,000000
68 1631709190 5776,400000 -1,000000 -101,000000 0,000000 0,000000
68 1631709191 5776,400000 -1,000000 -101,000000 0,000000 0,000000
68 1631709192 5776,400000 -1,000000 -101,000000 0,000000 0,000000
68 1631709193 5776,400000 -1,000000 -101,000000 0,000000 0,000000
68 1631709194 47934,800000 -1,000000 -101,000000 0,000000 0,000000
68 1631709195 47934,800000 -1,000000 -101,000000 0,000000 0,000000
68 1631709196 47934,800000 -1,000000 -101,000000 0,000000 0,000000
68 1631709197 47934,800000 -1,000000 -101,000000 0,000000 0,000000
68 1631709198 47934,800000 -1,000000 -101,000000 0,000000 0,000000
68 1631709199 144496,200000 -1,000000 -101,000000 0,000000 0,000000
68 1631709200 144496,200000 -1,000000 -101,000000 0,000000 0,000000
68 1631709201 144496,200000 -1,000000 -101,000000 0,000000 0,000000
68 1631709202 144496,200000 -1,000000 -101,000000 0,000000 0,000000
68 1631709203 144496,200000 -1,000000 -101,000000 0,000000 0,000000
68 1631709204 43697,400000 -1,000000 -101,000000 0,000000 0,000000
68 1631709205 43697,400000 -1,000000 -101,000000 0,000000 0,000000
68 1631709206 43697,400000 -1,000000 -101,000000 0,000000 0,000000
68 1631709207 43697,400000 -1,000000 -101,000000 0,000000 0,000000
68 1631709208 43697,400000 -1,000000 -101,000000 0,000000 0,000000
68 1631709214 4149,800000 -1,000000 -101,000000 0,000000 0,000000
68 1631709215 4149,800000 -1,000000 -101,000000 0,000000 0,000000
68 1631709216 4149,800000 -1,000000 -101,000000 0,000000 0,000000
68 1631709217 4149,800000 -1,000000 -101,000000 0,000000 0,000000
68 1631709218 4149,800000 -1,000000 -101,000000 0,000000 0,000000
68 1631709219 2159,000000 -1,000000 -101,000000 0,000000 0,000000
68 1631709220 2159,000000 -1,000000 -101,000000 0,000000 0,000000
68 1631709221 2159,000000 -1,000000 -101,000000 0,000000 0,000000
68 1631709222 2159,000000 -1,000000 -101,000000 0,000000 0,000000
68 1631709223 2159,000000 -1,000000 -101,000000 0,000000 0,000000
68 1631709229 556,000000 -1,000000 -101,000000 0,000000 0,000000
68 1631709230 556,000000 -1,000000 -101,000000 0,000000 0,000000
68 1631709231 556,000000 -1,000000 -101,000000 0,000000 0,000000
68 1631709232 556,000000 -1,000000 -101,000000 0,000000 0,000000
68 1631709233 556,000000 -1,000000 -101,000000 0,000000 0,000000
68 1631709244 9388,400000 -1,000000 -101,000000 0,000000 0,000000
68 1631709245 9388,400000 -1,000000 -101,000000 0,000000 0,000000
68 1631709246 9388,400000 -1,000000 -101,000000 0,000000 0,000000
68 1631709247 9388,400000 -1,000000 -101,000000 0,000000 0,000000
68 1631709248 9388,400000 -1,000000 -101,000000 0,000000 0,000000
68 1631709249 51492,800000 -1,000000 -101,000000 0,000000 0,000000
68 1631709250 51492,800000 -1,000000 -101,000000 0,000000 0,000000
68 1631709251 51492,800000 -1,000000 -101,000000 0,000000 0,000000
68 1631709252 51492,800000 -1,000000 -101,000000 0,000000 0,000000
68 1631709253 51492,800000 -1,000000 -101,000000 0,000000 0,000000
68 1631709254 18234,200000 -1,000000 -101,000000 0,000000 0,000000
68 1631709255 18234,200000 -1,000000 -101,000000 0,000000 0,000000
68 1631709256 18234,200000 -1,000000 -101,000000 0,000000 0,000000
68 1631709257 18234,200000 -1,000000 -101,000000 0,000000 0,000000
68 1631709258 18234,200000 -1,000000 -101,000000 0,000000 0,000000
68 1631709259 54460,400000 -1,000000 -101,000000 0,000000 0,000000
68 1631709260 54460,400000 -1,000000 -101,000000 0,000000 0,000000
68 1631709261 54460,400000 -1,000000 -101,000000 0,000000 0,000000
68 1631709262 54460,400000 -1,000000 -101,000000 0,000000 0,000000
68 1631709263 54460,400000 -1,000000 -101,000000 0,000000 0,000000
68 1631709269 150369,400000 -1,000000 -101,000000 0,000000 0,000000
68 1631709270 150369,400000 -1,000000 -101,000000 0,000000 0,000000
68 1631709271 150369,400000 -1,000000 -101,000000 0,000000 0,000000
68 1631709272 150369,400000 -1,000000 -101,000000 0,000000 0,000000
68 1631709273 150369,400000 -1,000000 -101,000000 0,000000 0,000000
68 1631709338 148709,400000 -1,000000 148709,400000 148709,400000 0,000000
68 1631709337 148709,400000 -1,000000 148709,400000 148709,400000 0,000000
68 1631709336 148709,400000 -1,000000 148709,400000 148709,400000 0,000000
68 1631709335 148709,400000 -1,000000 148709,400000 148709,400000 0,000000
68 1631709334 148709,400000 -1,000000 148709,400000 148709,400000 0,000000
68 1631709333 5777,400000 -1,000000 5777,400000 5777,400000 0,000000
68 1631709332 5777,400000 -1,000000 5777,400000 5777,400000 0,000000
68 1631709331 5777,400000 -1,000000 5777,400000 5777,400000 0,000000
68 1631709330 5777,400000 -1,000000 5777,400000 5777,400000 0,000000
68 1631709329 5777,400000 -1,000000 5777,400000 5777,400000 0,000000
68 1631709328 23479,800000 -1,000000 23479,800000 23479,800000 0,000000
68 1631709327 23479,800000 -1,000000 23479,800000 23479,800000 0,000000
68 1631709326 23479,800000 -1,000000 23479,800000 23479,800000 0,000000
68 1631709325 23479,800000 -1,000000 23479,800000 23479,800000 0,000000
68 1631709324 23479,800000 -1,000000 23479,800000 23479,800000 0,000000
68 1631709323 93313,000000 -1,000000 93313,000000 93313,000000 0,000000
68 1631709322 93313,000000 -1,000000 93313,000000 93313,000000 0,000000
68 1631709321 93313,000000 -1,000000 93313,000000 93313,000000 0,000000
68 1631709320 93313,000000 -1,000000 93313,000000 93313,000000 0,000000
68 1631709319 93313,000000 -1,000000 93313,000000 93313,000000 0,000000
68 1631709318 51310,000000 -1,000000 51310,000000 51310,000000 0,000000
68 1631709317 51310,000000 -1,000000 51310,000000 51310,000000 0,000000
68 1631709316 51310,000000 -1,000000 51310,000000 51310,000000 0,000000
68 1631709315 51310,000000 -1,000000 51310,000000 51310,000000 0,000000
68 1631709314 51310,000000 -1,000000 51310,000000 51310,000000 0,000000
68 1631709313 555,000000 -1,000000 555,000000 555,000000 0,000000
68 1631709312 555,000000 -1,000000 555,000000 555,000000 0,000000
68 1631709311 555,000000 -1,000000 555,000000 555,000000 0,000000
68 1631709310 555,000000 -1,000000 555,000000 555,000000 0,000000
68 1631709309 555,000000 -1,000000 555,000000 555,000000 0,000000
68 1631709308 52387,400000 -1,000000 52387,400000 52387,400000 0,000000
68 1631709307 52387,400000 -1,000000 52387,400000 52387,400000 0,000000
68 1631709306 52387,400000 -1,000000 52387,400000 52387,400000 0,000000
68 1631709305 52387,400000 -1,000000 52387,400000 52387,400000 0,000000
68 1631709304 52387,400000 -1,000000 52387,400000 52387,400000 0,000000
68 1631709298 4149,800000 -1,000000 4149,800000 4149,800000 0,000000
68 1631709297 4149,800000 -1,000000 4149,800000 4149,800000 0,000000
68 1631709296 4149,800000 -1,000000 4149,800000 4149,800000 0,000000
68 1631709295 4149,800000 -1,000000 4149,800000 4149,800000 0,000000
68 1631709294 4149,800000 -1,000000 4149,800000 4149,800000 0,000000
68 1631709294 4149,800000 -1,000000 -101,000000 0,000000 0,000000
68 1631709295 4149,800000 -1,000000 -101,000000 0,000000 0,000000
68 1631709296 4149,800000 -1,000000 -101,000000 0,000000 0,000000
68 1631709297 4149,800000 -1,000000 -101,000000 0,000000 0,000000
68 1631709298 4149,800000 -1,000000 -101,000000 0,000000 0,000000
68 1631709304 52387,400000 -1,000000 -101,000000 0,000000 0,000000
68 1631709305 52387,400000 -1,000000 -101,000000 0,000000 0,000000
68 1631709306 52387,400000 -1,000000 -101,000000 0,000000 0,000000
68 1631709307 52387,400000 -1,000000 -101,000000 0,000000 0,000000
68 1631709308 52387,400000 -1,000000 -101,000000 0,000000 0,000000
68 1631709309 555,000000 -1,000000 -101,000000 0,000000 0,000000
68 1631709310 555,000000 -1,000000 -101,000000 0,000000 0,000000
68 1631709311 555,000000 -1,000000 -101,000000 0,000000 0,000000
68 1631709312 555,000000 -1,000000 -101,000000 0,000000 0,000000
68 1631709313 555,000000 -1,000000 -101,000000 0,000000 0,000000
68 1631709314 51310,000000 -1,000000 -101,000000 0,000000 0,000000
68 1631709315 51310,000000 -1,000000 -101,000000 0,000000 0,000000
68 1631709316 51310,000000 -1,000000 -101,000000 0,000000 0,000000
68 1631709317 51310,000000 -1,000000 -101,000000 0,000000 0,000000
68 1631709318 51310,000000 -1,000000 -101,000000 0,000000 0,000000
68 1631709319 93313,000000 -1,000000 -101,000000 0,000000 0,000000
68 1631709320 93313,000000 -1,000000 -101,000000 0,000000 0,000000
68 1631709321 93313,000000 -1,000000 -101,000000 0,000000 0,000000
68 1631709322 93313,000000 -1,000000 -101,000000 0,000000 0,000000
68 1631709323 93313,000000 -1,000000 -101,000000 0,000000 0,000000
68 1631709324 23479,800000 -1,000000 -101,000000 0,000000 0,000000
68 1631709325 23479,800000 -1,000000 -101,000000 0,000000 0,000000
68 1631709326 23479,800000 -1,000000 -101,000000 0,000000 0,000000
68 1631709327 23479,800000 -1,000000 -101,000000 0,000000 0,000000
68 1631709328 23479,800000 -1,000000 -101,000000 0,000000 0,000000
68 1631709329 5777,400000 -1,000000 -101,000000 0,000000 0,000000
68 1631709330 5777,400000 -1,000000 -101,000000 0,000000 0,000000
68 1631709331 5777,400000 -1,000000 -101,000000 0,000000 0,000000
68 1631709332 5777,400000 -1,000000 -101,000000 0,000000 0,000000
68 1631709333 5777,400000 -1,000000 -101,000000 0,000000 0,000000
68 1631709334 148709,400000 -1,000000 -101,000000 0,000000 0,000000
68 1631709335 148709,400000 -1,000000 -101,000000 0,000000 0,000000
68 1631709336 148709,400000 -1,000000 -101,000000 0,000000 0,000000
68 1631709337 148709,400000 -1,000000 -101,000000 0,000000 0,000000
68 1631709338 148709,400000 -1,000000 -101,000000 0,000000 0,000000
68 1631709339 4149,600000 -1,000000 -101,000000 0,000000 0,000000
68 1631709340 4149,600000 -1,000000 -101,000000 0,000000 0,000000
68 1631709341 4149,600000 -1,000000 -101,000000 0,000000 0,000000
68 1631709342 4149,600000 -1,000000 -101,000000 0,000000 0,000000
68 1631709343 4149,600000 -1,000000 -101,000000 0,000000 0,000000
68 1631709344 2714,800000 -1,000000 -101,000000 0,000000 0,000000
68 1631709345 2714,800000 -1,000000 -101,000000 0,000000 0,000000
68 1631709346 2714,800000 -1,000000 -101,000000 0,000000 0,000000
68 1631709347 2714,800000 -1,000000 -101,000000 0,000000 0,000000
68 1631709348 2714,800000 -1,000000 -101,000000 0,000000 0,000000
68 1631709359 50926,600000 -1,000000 -101,000000 0,000000 0,000000
68 1631709360 50926,600000 -1,000000 -101,000000 0,000000 0,000000
68 1631709361 50926,600000 -1,000000 -101,000000 0,000000 0,000000
68 1631709362 50926,600000 -1,000000 -101,000000 0,000000 0,000000
68 1631709363 50926,600000 -1,000000 -101,000000 0,000000 0,000000
68 1631709364 46690,400000 -1,000000 -101,000000 0,000000 0,000000
68 1631709365 46690,400000 -1,000000 -101,000000 0,000000 0,000000
68 1631709366 46690,400000 -1,000000 -101,000000 0,000000 0,000000
68 1631709367 46690,400000 -1,000000 -101,000000 0,000000 0,000000
68 1631709368 46690,400000 -1,000000 -101,000000 0,000000 0,000000
68 1631709374 3215,600000 -1,000000 -101,000000 0,000000 0,000000
68 1631709375 3215,600000 -1,000000 -101,000000 0,000000 0,000000
68 1631709376 3215,600000 -1,000000 -101,000000 0,000000 0,000000
68 1631709377 3215,600000 -1,000000 -101,000000 0,000000 0,000000
68 1631709378 3215,600000 -1,000000 -101,000000 0,000000 0,000000
68 1631709394 14083,600000 -1,000000 -101,000000 0,000000 0,000000
68 1631709395 14083,600000 -1,000000 -101,000000 0,000000 0,000000
68 1631709396 14083,600000 -1,000000 -101,000000 0,000000 0,000000
68 1631709397 14083,600000 -1,000000 -101,000000 0,000000 0,000000
68 1631709398 14083,600000 -1,000000 -101,000000 0,000000 0,000000
68 1631709399 5774,000000 -1,000000 -101,000000 0,000000 0,000000
68 1631709400 5774,000000 -1,000000 -101,000000 0,000000 0,000000
68 1631709401 5774,000000 -1,000000 -101,000000 0,000000 0,000000
68 1631709402 5774,000000 -1,000000 -101,000000 0,000000 0,000000
68 1631709403 5774,000000 -1,000000 -101,000000 0,000000 0,000000
68 1631709404 144067,800000 -1,000000 -101,000000 0,000000 0,000000
68 1631709405 144067,800000 -1,000000 -101,000000 0,000000 0,000000
68 1631709406 144067,800000 -1,000000 -101,000000 0,000000 0,000000
68 1631709407 144067,800000 -1,000000 -101,000000 0,000000 0,000000
68 1631709408 144067,800000 -1,000000 -101,000000 0,000000 0,000000
68 1631709409 9388,000000 -1,000000 -101,000000 0,000000 0,000000
68 1631709410 9388,000000 -1,000000 -101,000000 0,000000 0,000000
68 1631709411 9388,000000 -1,000000 -101,000000 0,000000 0,000000
68 1631709412 9388,000000 -1,000000 -101,000000 0,000000 0,000000
68 1631709413 9388,000000 -1,000000 -101,000000 0,000000 0,000000
68 1631709414 3398,400000 -1,000000 -101,000000 0,000000 0,000000
68 1631709415 3398,400000 -1,000000 -101,000000 0,000000 0,000000
68 1631709416 3398,400000 -1,000000 -101,000000 0,000000 0,000000
68 1631709417 3398,400000 -1,000000 -101,000000 0,000000 0,000000
68 1631709418 3398,400000 -1,000000 -101,000000 0,000000 0,000000
68 1631709486 160196,000000 -1,000000 160196,000000 160196,000000 0,000000
68 1631709485 160196,000000 -1,000000 160196,000000 160196,000000 0,000000
68 1631709484 160196,000000 -1,000000 160196,000000 160196,000000 0,000000
68 1631709483 5316,400000 -1,000000 5316,400000 5316,400000 0,000000
68 1631709482 5316,400000 -1,000000 5316,400000 5316,400000 0,000000
68 1631709481 5316,400000 -1,000000 5316,400000 5316,400000 0,000000
68 1631709480 5316,400000 -1,000000 5316,400000 5316,400000 0,000000
68 1631709479 5316,400000 -1,000000 5316,400000 5316,400000 0,000000
