44 1631708144 4,200000 -1,000000 -101,000000 0,000000 0,000000
44 1631708145 4,200000 -1,000000 -101,000000 0,000000 0,000000
44 1631708146 4,200000 -1,000000 -101,000000 0,000000 0,000000
44 1631708147 4,200000 -1,000000 -101,000000 0,000000 0,000000
44 1631708148 4,200000 -1,000000 -101,000000 0,000000 0,000000
44 1631708149 3,600000 -1,000000 -101,000000 0,000000 0,000000
44 1631708150 3,600000 -1,000000 -101,000000 0,000000 0,000000
44 1631708151 3,600000 -1,000000 -101,000000 0,000000 0,000000
44 1631708152 3,600000 -1,000000 -101,000000 0,000000 0,000000
44 1631708153 3,600000 -1,000000 -101,000000 0,000000 0,000000
44 1631708154 7,000000 -1,000000 -101,000000 0,000000 0,000000
44 1631708155 7,000000 -1,000000 -101,000000 0,000000 0,000000
44 1631708156 7,000000 -1,000000 -101,000000 0,000000 0,000000
44 1631708157 7,000000 -1,000000 -101,000000 0,000000 0,000000
44 1631708158 7,000000 -1,000000 -101,000000 0,000000 0,000000
44 1631708159 2,400000 -1,000000 -101,000000 0,000000 0,000000
44 1631708160 2,400000 -1,000000 -101,000000 0,000000 0,000000
44 1631708161 2,400000 -1,000000 -101,000000 0,000000 0,000000
44 1631708162 2,400000 -1,000000 -101,000000 0,000000 0,000000
44 1631708163 2,400000 -1,000000 -101,000000 0,000000 0,000000
44 1631708184 0,200000 -1,000000 -101,000000 0,000000 0,000000
44 1631708185 0,200000 -1,000000 -101,000000 0,000000 0,000000
44 1631708186 0,200000 -1,000000 -101,000000 0,000000 0,000000
44 1631708187 0,200000 -1,000000 -101,000000 0,000000 0,000000
44 1631708188 0,200000 -1,000000 -101,000000 0,000000 0,000000
44 1631708189 0,400000 -1,000000 -101,000000 0,000000 0,000000
44 1631708190 0,400000 -1,000000 -101,000000 0,000000 0,000000
44 1631708191 0,400000 -1,000000 -101,000000 0,000000 0,000000
44 1631708192 0,400000 -1,000000 -101,000000 0,000000 0,000000
44 1631708193 0,400000 -1,000000 -101,000000 0,000000 0,000000
44 1631708194 0,800000 -1,000000 -101,000000 0,000000 0,000000
44 1631708195 0,800000 -1,000000 -101,000000 0,000000 0,000000
44 1631708196 0,800000 -1,000000 -101,000000 0,000000 0,000000
44 1631708197 0,800000 -1,000000 -101,000000 0,000000 0,000000
44 1631708198 0,800000 -1,000000 -101,000000 0,000000 0,000000
44 1631708199 0,200000 -1,000000 -101,000000 0,000000 0,000000
44 1631708200 0,200000 -1,000000 -101,000000 0,000000 0,000000
44 1631708201 0,200000 -1,000000 -101,000000 0,000000 0,000000
44 1631708202 0,200000 -1,000000 -101,000000 0,000000 0,000000
44 1631708203 0,200000 -1,000000 -101,000000 0,000000 0,000000
44 1631708204 1,000000 -1,000000 -101,000000 0,000000 0,000000
44 1631708205 1,000000 -1,000000 -101,000000 0,000000 0,000000
44 1631708206 1,000000 -1,000000 -101,000000 0,000000 0,000000
44 1631708207 1,000000 -1,000000 -101,000000 0,000000 0,000000
44 1631708208 1,000000 -1,000000 -101,000000 0,000000 0,000000
44 1631708214 1,200000 -1,000000 -101,000000 0,000000 0,000000
44 1631708215 1,200000 -1,000000 -101,000000 0,000000 0,000000
44 1631708216 1,200000 -1,000000 -101,000000 0,000000 0,000000
44 1631708217 1,200000 -1,000000 -101,000000 0,000000 0,000000
44 1631708218 1,200000 -1,000000 -101,000000 0,000000 0,000000
44 1631708219 1,200000 -1,000000 -101,000000 0,000000 0,000000
44 1631708220 1,200000 -1,000000 -101,000000 0,000000 0,000000
44 1631708221 1,200000 -1,000000 -101,000000 0,000000 0,000000
44 1631708222 1,200000 -1,000000 -101,000000 0,000000 0,000000
44 1631708223 1,200000 -1,000000 -101,000000 0,000000 0,000000
44 1631708224 1,400000 -1,000000 -101,000000 0,000000 0,000000
44 1631708225 1,400000 -1,000000 -101,000000 0,000000 0,000000
44 1631708226 1,400000 -1,000000 -101,000000 0,000000 0,000000
44 1631708227 1,400000 -1,000000 -101,000000 0,000000 0,000000
44 1631708228 1,400000 -1,000000 -101,000000 0,000000 0,000000
44 1631708229 3,600000 -1,000000 -101,000000 0,000000 0,000000
44 1631708230 3,600000 -1,000000 -101,000000 0,000000 0,000000
44 1631708231 3,600000 -1,000000 -101,000000 0,000000 0,000000
44 1631708232 3,600000 -1,000000 -101,000000 0,000000 0,000000
44 1631708233 3,600000 -1,000000 -101,000000 0,000000 0,000000
44 1631708234 1,000000 -1,000000 -101,000000 0,000000 0,000000
44 1631708235 1,000000 -1,000000 -101,000000 0,000000 0,000000
44 1631708236 1,000000 -1,000000 -101,000000 0,000000 0,000000
44 1631708237 1,000000 -1,000000 -101,000000 0,000000 0,000000
44 1631708238 1,000000 -1,000000 -101,000000 0,000000 0,000000
44 1631708239 2,200000 -1,000000 -101,000000 0,000000 0,000000
44 1631708240 2,200000 -1,000000 -101,000000 0,000000 0,000000
44 1631708241 2,200000 -1,000000 -101,000000 0,000000 0,000000
44 1631708242 2,200000 -1,000000 -101,000000 0,000000 0,000000
44 1631708243 2,200000 -1,000000 -101,000000 0,000000 0,000000
44 1631708254 0,200000 -1,000000 -101,000000 0,000000 0,000000
44 1631708255 0,200000 -1,000000 -101,000000 0,000000 0,000000
44 1631708256 0,200000 -1,000000 -101,000000 0,000000 0,000000
44 1631708257 0,200000 -1,000000 -101,000000 0,000000 0,000000
44 1631708258 0,200000 -1,000000 -101,000000 0,000000 0,000000
44 1631708259 1,400000 -1,000000 -101,000000 0,000000 0,000000
44 1631708260 1,400000 -1,000000 -101,000000 0,000000 0,000000
44 1631708261 1,400000 -1,000000 -101,000000 0,000000 0,000000
44 1631708262 1,400000 -1,000000 -101,000000 0,000000 0,000000
44 1631708263 1,400000 -1,000000 -101,000000 0,000000 0,000000
44 1631708264 0,800000 -1,000000 -101,000000 0,000000 0,000000
44 1631708265 0,800000 -1,000000 -101,000000 0,000000 0,000000
44 1631708266 0,800000 -1,000000 -101,000000 0,000000 0,000000
44 1631708267 0,800000 -1,000000 -101,000000 0,000000 0,000000
44 1631708268 0,800000 -1,000000 -101,000000 0,000000 0,000000
44 1631708269 0,200000 -1,000000 -101,000000 0,000000 0,000000
44 1631708270 0,200000 -1,000000 -101,000000 0,000000 0,000000
44 1631708271 0,200000 -1,000000 -101,000000 0,000000 0,000000
44 1631708272 0,200000 -1,000000 -101,000000 0,000000 0,000000
44 1631708273 0,200000 -1,000000 -101,000000 0,000000 0,000000
44 1631708274 0,400000 -1,000000 -101,000000 0,000000 0,000000
44 1631708275 0,400000 -1,000000 -101,000000 0,000000 0,000000
44 1631708276 0,400000 -1,000000 -101,000000 0,000000 0,000000
44 1631708277 0,400000 -1,000000 -101,000000 0,000000 0,000000
44 1631708278 0,400000 -1,000000 -101,000000 0,000000 0,000000
44 1631708279 0,600000 -1,000000 -101,000000 0,000000 0,000000
44 1631708280 0,600000 -1,000000 -101,000000 0,000000 0,000000
44 1631708281 0,600000 -1,000000 -101,000000 0,000000 0,000000
44 1631708282 0,600000 -1,000000 -101,000000 0,000000 0,000000
44 1631708283 0,600000 -1,000000 -101,000000 0,000000 0,000000
44 1631708284 1,200000 -1,000000 -101,000000 0,000000 0,000000
44 1631708285 1,200000 -1,000000 -101,000000 0,000000 0,000000
44 1631708286 1,200000 -1,000000 -101,000000 0,000000 0,000000
44 1631708287 1,200000 -1,000000 -101,000000 0,000000 0,000000
44 1631708288 1,200000 -1,000000 -101,000000 0,000000 0,000000
44 1631708289 1,400000 -1,000000 -101,000000 0,000000 0,000000
44 1631708290 1,400000 -1,000000 -101,000000 0,000000 0,000000
44 1631708291 1,400000 -1,000000 -101,000000 0,000000 0,000000
44 1631708292 1,400000 -1,000000 -101,000000 0,000000 0,000000
44 1631708293 1,400000 -1,000000 -101,000000 0,000000 0,000000
44 1631708294 1,600000 -1,000000 -101,000000 0,000000 0,000000
44 1631708295 1,600000 -1,000000 -101,000000 0,000000 0,000000
44 1631708296 1,600000 -1,000000 -101,000000 0,000000 0,000000
44 1631708297 1,600000 -1,000000 -101,000000 0,000000 0,000000
44 1631708298 1,600000 -1,000000 -101,000000 0,000000 0,000000
44 1631708299 1,800000 -1,000000 -101,000000 0,000000 0,000000
44 1631708300 1,800000 -1,000000 -101,000000 0,000000 0,000000
44 1631708301 1,800000 -1,000000 -101,000000 0,000000 0,000000
44 1631708302 1,800000 -1,000000 -101,000000 0,000000 0,000000
44 1631708303 1,800000 -1,000000 -101,000000 0,000000 0,000000
44 1631708309 0,600000 -1,000000 -101,000000 0,000000 0,000000
44 1631708310 0,600000 -1,000000 -101,000000 0,000000 0,000000
44 1631708311 0,600000 -1,000000 -101,000000 0,000000 0,000000
44 1631708312 0,600000 -1,000000 -101,000000 0,000000 0,000000
44 1631708313 0,600000 -1,000000 -101,000000 0,000000 0,000000
44 1631708314 3,000000 -1,000000 -101,000000 0,000000 0,000000
44 1631708315 3,000000 -1,000000 -101,000000 0,000000 0,000000
44 1631708316 3,000000 -1,000000 -101,000000 0,000000 0,000000
44 1631708317 3,000000 -1,000000 -101,000000 0,000000 0,000000
44 1631708318 3,000000 -1,000000 -101,000000 0,000000 0,000000
44 1631708319 2,200000 -1,000000 -101,000000 0,000000 0,000000
44 1631708320 2,200000 -1,000000 -101,000000 0,000000 0,000000
44 1631708321 2,200000 -1,000000 -101,000000 0,000000 0,000000
44 1631708322 2,200000 -1,000000 -101,000000 0,000000 0,000000
44 1631708323 2,200000 -1,000000 -101,000000 0,000000 0,000000
44 1631708324 2,400000 -1,000000 -101,000000 0,000000 0,000000
44 1631708325 2,400000 -1,000000 -101,000000 0,000000 0,000000
44 1631708326 2,400000 -1,000000 -101,000000 0,000000 0,000000
44 1631708327 2,400000 -1,000000 -101,000000 0,000000 0,000000
44 1631708328 2,400000 -1,000000 -101,000000 0,000000 0,000000
44 1631708349 0,400000 -1,000000 -101,000000 0,000000 0,000000
44 1631708350 0,400000 -1,000000 -101,000000 0,000000 0,000000
44 1631708351 0,400000 -1,000000 -101,000000 0,000000 0,000000
44 1631708352 0,400000 -1,000000 -101,000000 0,000000 0,000000
44 1631708353 0,400000 -1,000000 -101,000000 0,000000 0,000000
44 1631708354 1,400000 -1,000000 -101,000000 0,000000 0,000000
44 1631708355 1,400000 -1,000000 -101,000000 0,000000 0,000000
44 1631708356 1,400000 -1,000000 -101,000000 0,000000 0,000000
44 1631708357 1,400000 -1,000000 -101,000000 0,000000 0,000000
44 1631708358 1,400000 -1,000000 -101,000000 0,000000 0,000000
44 1631708359 2,600000 -1,000000 -101,000000 0,000000 0,000000
44 1631708360 2,600000 -1,000000 -101,000000 0,000000 0,000000
44 1631708361 2,600000 -1,000000 -101,000000 0,000000 0,000000
44 1631708362 2,600000 -1,000000 -101,000000 0,000000 0,000000
44 1631708363 2,600000 -1,000000 -101,000000 0,000000 0,000000
44 1631708364 1,400000 -1,000000 -101,000000 0,000000 0,000000
44 1631708365 1,400000 -1,000000 -101,000000 0,000000 0,000000
44 1631708366 1,400000 -1,000000 -101,000000 0,000000 0,000000
44 1631708367 1,400000 -1,000000 -101,000000 0,000000 0,000000
44 1631708368 1,400000 -1,000000 -101,000000 0,000000 0,000000
44 1631708369 2,600000 -1,000000 -101,000000 0,000000 0,000000
44 1631708370 2,600000 -1,000000 -101,000000 0,000000 0,000000
44 1631708371 2,600000 -1,000000 -101,000000 0,000000 0,000000
44 1631708372 2,600000 -1,000000 -101,000000 0,000000 0,000000
44 1631708373 2,600000 -1,000000 -101,000000 0,000000 0,000000
44 1631708374 1,200000 -1,000000 -101,000000 0,000000 0,000000
44 1631708375 1,200000 -1,000000 -101,000000 0,000000 0,000000
44 1631708376 1,200000 -1,000000 -101,000000 0,000000 0,000000
44 1631708377 1,200000 -1,000000 -101,000000 0,000000 0,000000
44 1631708378 1,200000 -1,000000 -101,000000 0,000000 0,000000
44 1631708389 0,200000 -1,000000 -101,000000 0,000000 0,000000
44 1631708390 0,200000 -1,000000 -101,000000 0,000000 0,000000
44 1631708391 0,200000 -1,000000 -101,000000 0,000000 0,000000
44 1631708392 0,200000 -1,000000 -101,000000 0,000000 0,000000
44 1631708393 0,200000 -1,000000 -101,000000 0,000000 0,000000
44 1631708394 0,400000 -1,000000 -101,000000 0,000000 0,000000
44 1631708395 0,400000 -1,000000 -101,000000 0,000000 0,000000
44 1631708396 0,400000 -1,000000 -101,000000 0,000000 0,000000
44 1631708397 0,400000 -1,000000 -101,000000 0,000000 0,000000
44 1631708398 0,400000 -1,000000 -101,000000 0,000000 0,000000
44 1631708399 2,000000 -1,000000 -101,000000 0,000000 0,000000
44 1631708400 2,000000 -1,000000 -101,000000 0,000000 0,000000
44 1631708401 2,000000 -1,000000 -101,000000 0,000000 0,000000
44 1631708402 2,000000 -1,000000 -101,000000 0,000000 0,000000
44 1631708403 2,000000 -1,000000 -101,000000 0,000000 0,000000
44 1631708404 0,800000 -1,000000 -101,000000 0,000000 0,000000
44 1631708405 0,800000 -1,000000 -101,000000 0,000000 0,000000
44 1631708406 0,800000 -1,000000 -101,000000 0,000000 0,000000
44 1631708407 0,800000 -1,000000 -101,000000 0,000000 0,000000
44 1631708408 0,800000 -1,000000 -101,000000 0,000000 0,000000
44 1631708409 1,200000 -1,000000 -101,000000 0,000000 0,000000
44 1631708410 1,200000 -1,000000 -101,000000 0,000000 0,000000
44 1631708411 1,200000 -1,000000 -101,000000 0,000000 0,000000
44 1631708412 1,200000 -1,000000 -101,000000 0,000000 0,000000
44 1631708413 1,200000 -1,000000 -101,000000 0,000000 0,000000
44 1631708419 0,800000 -1,000000 -101,000000 0,000000 0,000000
44 1631708420 0,800000 -1,000000 -101,000000 0,000000 0,000000
44 1631708421 0,800000 -1,000000 -101,000000 0,000000 0,000000
44 1631708422 0,800000 -1,000000 -101,000000 0,000000 0,000000
44 1631708423 0,800000 -1,000000 -101,000000 0,000000 0,000000
44 1631708424 1,600000 -1,000000 -101,000000 0,000000 0,000000
44 1631708425 1,600000 -1,000000 -101,000000 0,000000 0,000000
44 1631708426 1,600000 -1,000000 -101,000000 0,000000 0,000000
44 1631708427 1,600000 -1,000000 -101,000000 0,000000 0,000000
44 1631708428 1,600000 -1,000000 -101,000000 0,000000 0,000000
44 1631708429 2,000000 -1,000000 -101,000000 0,000000 0,000000
44 1631708430 2,000000 -1,000000 -101,000000 0,000000 0,000000
44 1631708431 2,000000 -1,000000 -101,000000 0,000000 0,000000
44 1631708432 2,000000 -1,000000 -101,000000 0,000000 0,000000
44 1631708433 2,000000 -1,000000 -101,000000 0,000000 0,000000
44 1631708434 3,400000 -1,000000 -101,000000 0,000000 0,000000
44 1631708435 3,400000 -1,000000 -101,000000 0,000000 0,000000
44 1631708436 3,400000 -1,000000 -101,000000 0,000000 0,000000
44 1631708437 3,400000 -1,000000 -101,000000 0,000000 0,000000
44 1631708438 3,400000 -1,000000 -101,000000 0,000000 0,000000
44 1631708439 0,200000 -1,000000 -101,000000 0,000000 0,000000
44 1631708440 0,200000 -1,000000 -101,000000 0,000000 0,000000
44 1631708441 0,200000 -1,000000 -101,000000 0,000000 0,000000
44 1631708442 0,200000 -1,000000 -101,000000 0,000000 0,000000
44 1631708443 0,200000 -1,000000 -101,000000 0,000000 0,000000
44 1631708444 0,600000 -1,000000 -101,000000 0,000000 0,000000
44 1631708445 0,600000 -1,000000 -101,000000 0,000000 0,000000
44 1631708446 0,600000 -1,000000 -101,000000 0,000000 0,000000
44 1631708447 0,600000 -1,000000 -101,000000 0,000000 0,000000
44 1631708448 0,600000 -1,000000 -101,000000 0,000000 0,000000
44 1631708469 0,200000 -1,000000 -101,000000 0,000000 0,000000
44 1631708470 0,200000 -1,000000 -101,000000 0,000000 0,000000
44 1631708471 0,200000 -1,000000 -101,000000 0,000000 0,000000
44 1631708472 0,200000 -1,000000 -101,000000 0,000000 0,000000
44 1631708473 0,200000 -1,000000 -101,000000 0,000000 0,000000
44 1631708474 0,400000 -1,000000 -101,000000 0,000000 0,000000
44 1631708475 0,400000 -1,000000 -101,000000 0,000000 0,000000
44 1631708476 0,400000 -1,000000 -101,000000 0,000000 0,000000
44 1631708477 0,400000 -1,000000 -101,000000 0,000000 0,000000
44 1631708478 0,400000 -1,000000 -101,000000 0,000000 0,000000
44 1631708479 2,800000 -1,000000 -101,000000 0,000000 0,000000
44 1631708480 2,800000 -1,000000 -101,000000 0,000000 0,000000
44 1631708481 2,800000 -1,000000 -101,000000 0,000000 0,000000
44 1631708482 2,800000 -1,000000 -101,000000 0,000000 0,000000
44 1631708483 2,800000 -1,000000 -101,000000 0,000000 0,000000
44 1631708484 2,600000 -1,000000 -101,000000 0,000000 0,000000
44 1631708485 2,600000 -1,000000 -101,000000 0,000000 0,000000
44 1631708486 2,600000 -1,000000 -101,000000 0,000000 0,000000
44 1631708487 2,600000 -1,000000 -101,000000 0,000000 0,000000
44 1631708488 2,600000 -1,000000 -101,000000 0,000000 0,000000
44 1631708489 2,600000 -1,000000 -101,000000 0,000000 0,000000
44 1631708490 2,600000 -1,000000 -101,000000 0,000000 0,000000
44 1631708491 2,600000 -1,000000 -101,000000 0,000000 0,000000
44 1631708492 2,600000 -1,000000 -101,000000 0,000000 0,000000
44 1631708493 2,600000 -1,000000 -101,000000 0,000000 0,000000
44 1631708494 3,000000 -1,000000 -101,000000 0,000000 0,000000
44 1631708495 3,000000 -1,000000 -101,000000 0,000000 0,000000
44 1631708496 3,000000 -1,000000 -101,000000 0,000000 0,000000
44 1631708497 3,000000 -1,000000 -101,000000 0,000000 0,000000
44 1631708498 3,000000 -1,000000 -101,000000 0,000000 0,000000
44 1631708499 1,200000 -1,000000 -101,000000 0,000000 0,000000
44 1631708500 1,200000 -1,000000 -101,000000 0,000000 0,000000
44 1631708501 1,200000 -1,000000 -101,000000 0,000000 0,000000
44 1631708502 1,200000 -1,000000 -101,000000 0,000000 0,000000
44 1631708503 1,200000 -1,000000 -101,000000 0,000000 0,000000
44 1631708504 2,400000 -1,000000 -101,000000 0,000000 0,000000
44 1631708505 2,400000 -1,000000 -101,000000 0,000000 0,000000
44 1631708506 2,400000 -1,000000 -101,000000 0,000000 0,000000
44 1631708507 2,400000 -1,000000 -101,000000 0,000000 0,000000
44 1631708508 2,400000 -1,000000 -101,000000 0,000000 0,000000
44 1631708514 0,400000 -1,000000 -101,000000 0,000000 0,000000
44 1631708515 0,400000 -1,000000 -101,000000 0,000000 0,000000
44 1631708516 0,400000 -1,000000 -101,000000 0,000000 0,000000
44 1631708517 0,400000 -1,000000 -101,000000 0,000000 0,000000
44 1631708518 0,400000 -1,000000 -101,000000 0,000000 0,000000
44 1631708519 0,400000 -1,000000 -101,000000 0,000000 0,000000
44 1631708520 0,400000 -1,000000 -101,000000 0,000000 0,000000
44 1631708521 0,400000 -1,000000 -101,000000 0,000000 0,000000
44 1631708522 0,400000 -1,000000 -101,000000 0,000000 0,000000
44 1631708523 0,400000 -1,000000 -101,000000 0,000000 0,000000
44 1631708524 0,600000 -1,000000 -101,000000 0,000000 0,000000
44 1631708525 0,600000 -1,000000 -101,000000 0,000000 0,000000
44 1631708526 0,600000 -1,000000 -101,000000 0,000000 0,000000
44 1631708527 0,600000 -1,000000 -101,000000 0,000000 0,000000
44 1631708528 0,600000 -1,000000 -101,000000 0,000000 0,000000
44 1631708529 0,200000 -1,000000 -101,000000 0,000000 0,000000
44 1631708530 0,200000 -1,000000 -101,000000 0,000000 0,000000
44 1631708531 0,200000 -1,000000 -101,000000 0,000000 0,000000
44 1631708532 0,200000 -1,000000 -101,000000 0,000000 0,000000
44 1631708533 0,200000 -1,000000 -101,000000 0,000000 0,000000
44 1631708534 1,000000 -1,000000 -101,000000 0,000000 0,000000
44 1631708535 1,000000 -1,000000 -101,000000 0,000000 0,000000
44 1631708536 1,000000 -1,000000 -101,000000 0,000000 0,000000
44 1631708537 1,000000 -1,000000 -101,000000 0,000000 0,000000
44 1631708538 1,000000 -1,000000 -101,000000 0,000000 0,000000
44 1631708554 0,400000 -1,000000 -101,000000 0,000000 0,000000
44 1631708555 0,400000 -1,000000 -101,000000 0,000000 0,000000
44 1631708556 0,400000 -1,000000 -101,000000 0,000000 0,000000
44 1631708557 0,400000 -1,000000 -101,000000 0,000000 0,000000
44 1631708558 0,400000 -1,000000 -101,000000 0,000000 0,000000
44 1631708559 1,400000 -1,000000 -101,000000 0,000000 0,000000
44 1631708560 1,400000 -1,000000 -101,000000 0,000000 0,000000
44 1631708561 1,400000 -1,000000 -101,000000 0,000000 0,000000
44 1631708562 1,400000 -1,000000 -101,000000 0,000000 0,000000
44 1631708563 1,400000 -1,000000 -101,000000 0,000000 0,000000
44 1631708564 2,400000 -1,000000 -101,000000 0,000000 0,000000
44 1631708565 2,400000 -1,000000 -101,000000 0,000000 0,000000
44 1631708566 2,400000 -1,000000 -101,000000 0,000000 0,000000
44 1631708567 2,400000 -1,000000 -101,000000 0,000000 0,000000
44 1631708568 2,400000 -1,000000 -101,000000 0,000000 0,000000
44 1631708569 2,400000 -1,000000 -101,000000 0,000000 0,000000
44 1631708570 2,400000 -1,000000 -101,000000 0,000000 0,000000
44 1631708571 2,400000 -1,000000 -101,000000 0,000000 0,000000
44 1631708572 2,400000 -1,000000 -101,000000 0,000000 0,000000
44 1631708573 2,400000 -1,000000 -101,000000 0,000000 0,000000
44 1631708574 4,000000 -1,000000 -101,000000 0,000000 0,000000
44 1631708575 4,000000 -1,000000 -101,000000 0,000000 0,000000
44 1631708576 4,000000 -1,000000 -101,000000 0,000000 0,000000
44 1631708577 4,000000 -1,000000 -101,000000 0,000000 0,000000
44 1631708578 4,000000 -1,000000 -101,000000 0,000000 0,000000
44 1631708584 0,200000 -1,000000 -101,000000 0,000000 0,000000
44 1631708585 0,200000 -1,000000 -101,000000 0,000000 0,000000
44 1631708586 0,200000 -1,000000 -101,000000 0,000000 0,000000
44 1631708587 0,200000 -1,000000 -101,000000 0,000000 0,000000
44 1631708588 0,200000 -1,000000 -101,000000 0,000000 0,000000
44 1631708589 0,600000 -1,000000 -101,000000 0,000000 0,000000
44 1631708590 0,600000 -1,000000 -101,000000 0,000000 0,000000
44 1631708591 0,600000 -1,000000 -101,000000 0,000000 0,000000
44 1631708592 0,600000 -1,000000 -101,000000 0,000000 0,000000
44 1631708593 0,600000 -1,000000 -101,000000 0,000000 0,000000
44 1631708594 1,600000 -1,000000 -101,000000 0,000000 0,000000
44 1631708595 1,600000 -1,000000 -101,000000 0,000000 0,000000
44 1631708596 1,600000 -1,000000 -101,000000 0,000000 0,000000
44 1631708597 1,600000 -1,000000 -101,000000 0,000000 0,000000
44 1631708598 1,600000 -1,000000 -101,000000 0,000000 0,000000
44 1631708599 0,400000 -1,000000 -101,000000 0,000000 0,000000
44 1631708600 0,400000 -1,000000 -101,000000 0,000000 0,000000
44 1631708601 0,400000 -1,000000 -101,000000 0,000000 0,000000
44 1631708602 0,400000 -1,000000 -101,000000 0,000000 0,000000
44 1631708603 0,400000 -1,000000 -101,000000 0,000000 0,000000
44 1631708604 0,200000 -1,000000 -101,000000 0,000000 0,000000
44 1631708605 0,200000 -1,000000 -101,000000 0,000000 0,000000
44 1631708606 0,200000 -1,000000 -101,000000 0,000000 0,000000
44 1631708607 0,200000 -1,000000 -101,000000 0,000000 0,000000
44 1631708608 0,200000 -1,000000 -101,000000 0,000000 0,000000
44 1631708609 0,600000 -1,000000 -101,000000 0,000000 0,000000
44 1631708610 0,600000 -1,000000 -101,000000 0,000000 0,000000
44 1631708611 0,600000 -1,000000 -101,000000 0,000000 0,000000
44 1631708612 0,600000 -1,000000 -101,000000 0,000000 0,000000
44 1631708613 0,600000 -1,000000 -101,000000 0,000000 0,000000
44 1631708629 1,200000 -1,000000 -101,000000 0,000000 0,000000
44 1631708630 1,200000 -1,000000 -101,000000 0,000000 0,000000
44 1631708631 1,200000 -1,000000 -101,000000 0,000000 0,000000
44 1631708632 1,200000 -1,000000 -101,000000 0,000000 0,000000
44 1631708633 1,200000 -1,000000 -101,000000 0,000000 0,000000
44 1631708634 2,000000 -1,000000 -101,000000 0,000000 0,000000
44 1631708635 2,000000 -1,000000 -101,000000 0,000000 0,000000
44 1631708636 2,000000 -1,000000 -101,000000 0,000000 0,000000
44 1631708637 2,000000 -1,000000 -101,000000 0,000000 0,000000
44 1631708638 2,000000 -1,000000 -101,000000 0,000000 0,000000
44 1631708639 1,800000 -1,000000 -101,000000 0,000000 0,000000
44 1631708640 1,800000 -1,000000 -101,000000 0,000000 0,000000
44 1631708641 1,800000 -1,000000 -101,000000 0,000000 0,000000
44 1631708642 1,800000 -1,000000 -101,000000 0,000000 0,000000
44 1631708643 1,800000 -1,000000 -101,000000 0,000000 0,000000
44 1631708644 3,400000 -1,000000 -101,000000 0,000000 0,000000
44 1631708645 3,400000 -1,000000 -101,000000 0,000000 0,000000
44 1631708646 3,400000 -1,000000 -101,000000 0,000000 0,000000
44 1631708647 3,400000 -1,000000 -101,000000 0,000000 0,000000
44 1631708648 3,400000 -1,000000 -101,000000 0,000000 0,000000
44 1631708649 2,200000 -1,000000 -101,000000 0,000000 0,000000
44 1631708650 2,200000 -1,000000 -101,000000 0,000000 0,000000
44 1631708651 2,200000 -1,000000 -101,000000 0,000000 0,000000
44 1631708652 2,200000 -1,000000 -101,000000 0,000000 0,000000
44 1631708653 2,200000 -1,000000 -101,000000 0,000000 0,000000
44 1631708654 2,000000 -1,000000 -101,000000 0,000000 0,000000
44 1631708655 2,000000 -1,000000 -101,000000 0,000000 0,000000
44 1631708656 2,000000 -1,000000 -101,000000 0,000000 0,000000
44 1631708657 2,000000 -1,000000 -101,000000 0,000000 0,000000
44 1631708658 2,000000 -1,000000 -101,000000 0,000000 0,000000
44 1631708659 1,600000 -1,000000 -101,000000 0,000000 0,000000
44 1631708660 1,600000 -1,000000 -101,000000 0,000000 0,000000
44 1631708661 1,600000 -1,000000 -101,000000 0,000000 0,000000
44 1631708662 1,600000 -1,000000 -101,000000 0,000000 0,000000
44 1631708663 1,600000 -1,000000 -101,000000 0,000000 0,000000
44 1631708674 0,200000 -1,000000 -101,000000 0,000000 0,000000
44 1631708675 0,200000 -1,000000 -101,000000 0,000000 0,000000
44 1631708676 0,200000 -1,000000 -101,000000 0,000000 0,000000
44 1631708738 0,800000 -1,000000 0,800000 0,800000 0,000000
44 1631708737 0,800000 -1,000000 0,800000 0,800000 0,000000
44 1631708736 0,800000 -1,000000 0,800000 0,800000 0,000000
44 1631708735 0,800000 -1,000000 0,800000 0,800000 0,000000
44 1631708734 0,800000 -1,000000 0,800000 0,800000 0,000000
44 1631708733 0,600000 -1,000000 0,600000 0,600000 0,000000
44 1631708732 0,600000 -1,000000 0,600000 0,600000 0,000000
44 1631708731 0,600000 -1,000000 0,600000 0,600000 0,000000
44 1631708730 0,600000 -1,000000 0,600000 0,600000 0,000000
44 1631708729 0,600000 -1,000000 0,600000 0,600000 0,000000
44 1631708728 0,400000 -1,000000 0,400000 0,400000 0,000000
44 1631708727 0,400000 -1,000000 0,400000 0,400000 0,000000
44 1631708726 0,400000 -1,000000 0,400000 0,400000 0,000000
44 1631708725 0,400000 -1,000000 0,400000 0,400000 0,000000
44 1631708724 0,400000 -1,000000 0,400000 0,400000 0,000000
44 1631708723 0,400000 -1,000000 0,400000 0,400000 0,000000
44 1631708722 0,400000 -1,000000 0,400000 0,400000 0,000000
44 1631708721 0,400000 -1,000000 0,400000 0,400000 0,000000
44 1631708720 0,400000 -1,000000 0,400000 0,400000 0,000000
44 1631708719 0,400000 -1,000000 0,400000 0,400000 0,000000
44 1631708718 1,800000 -1,000000 1,800000 1,800000 0,000000
44 1631708717 1,800000 -1,000000 1,800000 1,800000 0,000000
44 1631708716 1,800000 -1,000000 1,800000 1,800000 0,000000
44 1631708715 1,800000 -1,000000 1,800000 1,800000 0,000000
44 1631708714 1,800000 -1,000000 1,800000 1,800000 0,000000
44 1631708713 1,800000 -1,000000 1,800000 1,800000 0,000000
44 1631708712 1,800000 -1,000000 1,800000 1,800000 0,000000
44 1631708711 1,800000 -1,000000 1,800000 1,800000 0,000000
44 1631708710 1,800000 -1,000000 1,800000 1,800000 0,000000
44 1631708709 1,800000 -1,000000 1,800000 1,800000 0,000000
44 1631708708 1,400000 -1,000000 1,400000 1,400000 0,000000
44 1631708707 1,400000 -1,000000 1,400000 1,400000 0,000000
44 1631708706 1,400000 -1,000000 1,400000 1,400000 0,000000
44 1631708705 1,400000 -1,000000 1,400000 1,400000 0,000000
44 1631708704 1,400000 -1,000000 1,400000 1,400000 0,000000
44 1631708703 3,000000 -1,000000 3,000000 3,000000 0,000000
44 1631708702 3,000000 -1,000000 3,000000 3,000000 0,000000
44 1631708701 3,000000 -1,000000 3,000000 3,000000 0,000000
44 1631708700 3,000000 -1,000000 3,000000 3,000000 0,000000
44 1631708699 3,000000 -1,000000 3,000000 3,000000 0,000000
44 1631708698 0,200000 -1,000000 0,200000 0,200000 0,000000
44 1631708697 0,200000 -1,000000 0,200000 0,200000 0,000000
44 1631708696 0,200000 -1,000000 0,200000 0,200000 0,000000
44 1631708695 0,200000 -1,000000 0,200000 0,200000 0,000000
44 1631708694 0,200000 -1,000000 0,200000 0,200000 0,000000
44 1631708693 0,600000 -1,000000 0,600000 0,600000 0,000000
44 1631708692 0,600000 -1,000000 0,600000 0,600000 0,000000
44 1631708691 0,600000 -1,000000 0,600000 0,600000 0,000000
44 1631708690 0,600000 -1,000000 0,600000 0,600000 0,000000
44 1631708689 0,600000 -1,000000 0,600000 0,600000 0,000000
44 1631708688 0,400000 -1,000000 0,400000 0,400000 0,000000
44 1631708687 0,400000 -1,000000 0,400000 0,400000 0,000000
44 1631708686 0,400000 -1,000000 0,400000 0,400000 0,000000
44 1631708685 0,400000 -1,000000 0,400000 0,400000 0,000000
44 1631708684 0,400000 -1,000000 0,400000 0,400000 0,000000
44 1631708683 0,200000 -1,000000 0,200000 0,200000 0,000000
44 1631708682 0,200000 -1,000000 0,200000 0,200000 0,000000
44 1631708681 0,200000 -1,000000 0,200000 0,200000 0,000000
44 1631708680 0,200000 -1,000000 0,200000 0,200000 0,000000
44 1631708679 0,200000 -1,000000 0,200000 0,200000 0,000000
44 1631708678 0,200000 -1,000000 0,200000 0,200000 0,000000
44 1631708677 0,200000 -1,000000 0,200000 0,200000 0,000000
44 1631708677 0,200000 -1,000000 -101,000000 0,000000 0,000000
44 1631708678 0,200000 -1,000000 -101,000000 0,000000 0,000000
44 1631708679 0,200000 -1,000000 -101,000000 0,000000 0,000000
44 1631708680 0,200000 -1,000000 -101,000000 0,000000 0,000000
44 1631708681 0,200000 -1,000000 -101,000000 0,000000 0,000000
44 1631708682 0,200000 -1,000000 -101,000000 0,000000 0,000000
44 1631708683 0,200000 -1,000000 -101,000000 0,000000 0,000000
44 1631708684 0,400000 -1,000000 -101,000000 0,000000 0,000000
44 1631708685 0,400000 -1,000000 -101,000000 0,000000 0,000000
44 1631708686 0,400000 -1,000000 -101,000000 0,000000 0,000000
44 1631708687 0,400000 -1,000000 -101,000000 0,000000 0,000000
44 1631708688 0,400000 -1,000000 -101,000000 0,000000 0,000000
44 1631708689 0,600000 -1,000000 -101,000000 0,000000 0,000000
44 1631708690 0,600000 -1,000000 -101,000000 0,000000 0,000000
44 1631708691 0,600000 -1,000000 -101,000000 0,000000 0,000000
44 1631708692 0,600000 -1,000000 -101,000000 0,000000 0,000000
44 1631708693 0,600000 -1,000000 -101,000000 0,000000 0,000000
44 1631708694 0,200000 -1,000000 -101,000000 0,000000 0,000000
44 1631708695 0,200000 -1,000000 -101,000000 0,000000 0,000000
44 1631708696 0,200000 -1,000000 -101,000000 0,000000 0,000000
44 1631708697 0,200000 -1,000000 -101,000000 0,000000 0,000000
44 1631708698 0,200000 -1,000000 -101,000000 0,000000 0,000000
44 1631708699 3,000000 -1,000000 -101,000000 0,000000 0,000000
44 1631708700 3,000000 -1,000000 -101,000000 0,000000 0,000000
44 1631708701 3,000000 -1,000000 -101,000000 0,000000 0,000000
44 1631708702 3,000000 -1,000000 -101,000000 0,000000 0,000000
44 1631708703 3,000000 -1,000000 -101,000000 0,000000 0,000000
44 1631708704 1,400000 -1,000000 -101,000000 0,000000 0,000000
44 1631708705 1,400000 -1,000000 -101,000000 0,000000 0,000000
44 1631708706 1,400000 -1,000000 -101,000000 0,000000 0,000000
44 1631708707 1,400000 -1,000000 -101,000000 0,000000 0,000000
44 1631708708 1,400000 -1,000000 -101,000000 0,000000 0,000000
44 1631708709 1,800000 -1,000000 -101,000000 0,000000 0,000000
44 1631708710 1,800000 -1,000000 -101,000000 0,000000 0,000000
44 1631708711 1,800000 -1,000000 -101,000000 0,000000 0,000000
44 1631708712 1,800000 -1,000000 -101,000000 0,000000 0,000000
44 1631708713 1,800000 -1,000000 -101,000000 0,000000 0,000000
44 1631708714 1,800000 -1,000000 -101,000000 0,000000 0,000000
44 1631708715 1,800000 -1,000000 -101,000000 0,000000 0,000000
44 1631708716 1,800000 -1,000000 -101,000000 0,000000 0,000000
44 1631708717 1,800000 -1,000000 -101,000000 0,000000 0,000000
44 1631708718 1,800000 -1,000000 -101,000000 0,000000 0,000000
44 1631708719 0,400000 -1,000000 -101,000000 0,000000 0,000000
44 1631708720 0,400000 -1,000000 -101,000000 0,000000 0,000000
44 1631708721 0,400000 -1,000000 -101,000000 0,000000 0,000000
44 1631708722 0,400000 -1,000000 -101,000000 0,000000 0,000000
44 1631708723 0,400000 -1,000000 -101,000000 0,000000 0,000000
44 1631708724 0,400000 -1,000000 -101,000000 0,000000 0,000000
44 1631708725 0,400000 -1,000000 -101,000000 0,000000 0,000000
44 1631708726 0,400000 -1,000000 -101,000000 0,000000 0,000000
44 1631708727 0,400000 -1,000000 -101,000000 0,000000 0,000000
44 1631708728 0,400000 -1,000000 -101,000000 0,000000 0,000000
44 1631708729 0,600000 -1,000000 -101,000000 0,000000 0,000000
44 1631708730 0,600000 -1,000000 -101,000000 0,000000 0,000000
44 1631708731 0,600000 -1,000000 -101,000000 0,000000 0,000000
44 1631708732 0,600000 -1,000000 -101,000000 0,000000 0,000000
44 1631708733 0,600000 -1,000000 -101,000000 0,000000 0,000000
44 1631708734 0,800000 -1,000000 -101,000000 0,000000 0,000000
44 1631708735 0,800000 -1,000000 -101,000000 0,000000 0,000000
44 1631708736 0,800000 -1,000000 -101,000000 0,000000 0,000000
44 1631708737 0,800000 -1,000000 -101,000000 0,000000 0,000000
44 1631708738 0,800000 -1,000000 -101,000000 0,000000 0,000000
44 1631708739 1,000000 -1,000000 -101,000000 0,000000 0,000000
44 1631708740 1,000000 -1,000000 -101,000000 0,000000 0,000000
44 1631708741 1,000000 -1,000000 -101,000000 0,000000 0,000000
44 1631708742 1,000000 -1,000000 -101,000000 0,000000 0,000000
44 1631708743 1,000000 -1,000000 -101,000000 0,000000 0,000000
44 1631708744 1,400000 -1,000000 -101,000000 0,000000 0,000000
44 1631708745 1,400000 -1,000000 -101,000000 0,000000 0,000000
44 1631708746 1,400000 -1,000000 -101,000000 0,000000 0,000000
44 1631708747 1,400000 -1,000000 -101,000000 0,000000 0,000000
44 1631708748 1,400000 -1,000000 -101,000000 0,000000 0,000000
44 1631708749 0,200000 -1,000000 -101,000000 0,000000 0,000000
44 1631708750 0,200000 -1,000000 -101,000000 0,000000 0,000000
44 1631708751 0,200000 -1,000000 -101,000000 0,000000 0,000000
44 1631708752 0,200000 -1,000000 -101,000000 0,000000 0,000000
44 1631708753 0,200000 -1,000000 -101,000000 0,000000 0,000000
44 1631708754 0,400000 -1,000000 -101,000000 0,000000 0,000000
44 1631708755 0,400000 -1,000000 -101,000000 0,000000 0,000000
44 1631708756 0,400000 -1,000000 -101,000000 0,000000 0,000000
44 1631708757 0,400000 -1,000000 -101,000000 0,000000 0,000000
44 1631708758 0,400000 -1,000000 -101,000000 0,000000 0,000000
44 1631708759 1,000000 -1,000000 -101,000000 0,000000 0,000000
44 1631708760 1,000000 -1,000000 -101,000000 0,000000 0,000000
44 1631708761 1,000000 -1,000000 -101,000000 0,000000 0,000000
44 1631708762 1,000000 -1,000000 -101,000000 0,000000 0,000000
44 1631708763 1,000000 -1,000000 -101,000000 0,000000 0,000000
44 1631708764 0,800000 -1,000000 -101,000000 0,000000 0,000000
44 1631708765 0,800000 -1,000000 -101,000000 0,000000 0,000000
44 1631708766 0,800000 -1,000000 -101,000000 0,000000 0,000000
44 1631708767 0,800000 -1,000000 -101,000000 0,000000 0,000000
44 1631708768 0,800000 -1,000000 -101,000000 0,000000 0,000000
44 1631708769 2,000000 -1,000000 -101,000000 0,000000 0,000000
44 1631708770 2,000000 -1,000000 -101,000000 0,000000 0,000000
44 1631708771 2,000000 -1,000000 -101,000000 0,000000 0,000000
44 1631708772 2,000000 -1,000000 -101,000000 0,000000 0,000000
44 1631708773 2,000000 -1,000000 -101,000000 0,000000 0,000000
44 1631708774 1,200000 -1,000000 -101,000000 0,000000 0,000000
44 1631708775 1,200000 -1,000000 -101,000000 0,000000 0,000000
44 1631708776 1,200000 -1,000000 -101,000000 0,000000 0,000000
44 1631708777 1,200000 -1,000000 -101,000000 0,000000 0,000000
44 1631708778 1,200000 -1,000000 -101,000000 0,000000 0,000000
44 1631708779 3,000000 -1,000000 -101,000000 0,000000 0,000000
44 1631708780 3,000000 -1,000000 -101,000000 0,000000 0,000000
44 1631708781 3,000000 -1,000000 -101,000000 0,000000 0,000000
44 1631708782 3,000000 -1,000000 -101,000000 0,000000 0,000000
44 1631708783 3,000000 -1,000000 -101,000000 0,000000 0,000000
44 1631708799 0,200000 -1,000000 -101,000000 0,000000 0,000000
44 1631708800 0,200000 -1,000000 -101,000000 0,000000 0,000000
44 1631708801 0,200000 -1,000000 -101,000000 0,000000 0,000000
44 1631708802 0,200000 -1,000000 -101,000000 0,000000 0,000000
44 1631708803 0,200000 -1,000000 -101,000000 0,000000 0,000000
44 1631708804 0,600000 -1,000000 -101,000000 0,000000 0,000000
44 1631708805 0,600000 -1,000000 -101,000000 0,000000 0,000000
44 1631708806 0,600000 -1,000000 -101,000000 0,000000 0,000000
44 1631708807 0,600000 -1,000000 -101,000000 0,000000 0,000000
44 1631708808 0,600000 -1,000000 -101,000000 0,000000 0,000000
44 1631708809 1,600000 -1,000000 -101,000000 0,000000 0,000000
44 1631708810 1,600000 -1,000000 -101,000000 0,000000 0,000000
44 1631708811 1,600000 -1,000000 -101,000000 0,000000 0,000000
44 1631708812 1,600000 -1,000000 -101,000000 0,000000 0,000000
44 1631708813 1,600000 -1,000000 -101,000000 0,000000 0,000000
44 1631708814 1,800000 -1,000000 -101,000000 0,000000 0,000000
44 1631708815 1,800000 -1,000000 -101,000000 0,000000 0,000000
44 1631708816 1,800000 -1,000000 -101,000000 0,000000 0,000000
44 1631708817 1,800000 -1,000000 -101,000000 0,000000 0,000000
44 1631708818 1,800000 -1,000000 -101,000000 0,000000 0,000000
44 1631708819 3,000000 -1,000000 -101,000000 0,000000 0,000000
44 1631708820 3,000000 -1,000000 -101,000000 0,000000 0,000000
44 1631708821 3,000000 -1,000000 -101,000000 0,000000 0,000000
44 1631708822 3,000000 -1,000000 -101,000000 0,000000 0,000000
44 1631708823 3,000000 -1,000000 -101,000000 0,000000 0,000000
44 1631708824 0,800000 -1,000000 -101,000000 0,000000 0,000000
44 1631708825 0,800000 -1,000000 -101,000000 0,000000 0,000000
44 1631708826 0,800000 -1,000000 -101,000000 0,000000 0,000000
44 1631708827 0,800000 -1,000000 -101,000000 0,000000 0,000000
44 1631708828 0,800000 -1,000000 -101,000000 0,000000 0,000000
44 1631708829 1,200000 -1,000000 -101,000000 0,000000 0,000000
44 1631708830 1,200000 -1,000000 -101,000000 0,000000 0,000000
44 1631708831 1,200000 -1,000000 -101,000000 0,000000 0,000000
44 1631708832 1,200000 -1,000000 -101,000000 0,000000 0,000000
44 1631708833 1,200000 -1,000000 -101,000000 0,000000 0,000000
44 1631708834 0,600000 -1,000000 -101,000000 0,000000 0,000000
44 1631708835 0,600000 -1,000000 -101,000000 0,000000 0,000000
44 1631708836 0,600000 -1,000000 -101,000000 0,000000 0,000000
44 1631708837 0,600000 -1,000000 -101,000000 0,000000 0,000000
44 1631708838 0,600000 -1,000000 -101,000000 0,000000 0,000000
44 1631708839 2,000000 -1,000000 -101,000000 0,000000 0,000000
44 1631708840 2,000000 -1,000000 -101,000000 0,000000 0,000000
44 1631708841 2,000000 -1,000000 -101,000000 0,000000 0,000000
44 1631708842 2,000000 -1,000000 -101,000000 0,000000 0,000000
44 1631708843 2,000000 -1,000000 -101,000000 0,000000 0,000000
44 1631708844 1,600000 -1,000000 -101,000000 0,000000 0,000000
44 1631708845 1,600000 -1,000000 -101,000000 0,000000 0,000000
44 1631708846 1,600000 -1,000000 -101,000000 0,000000 0,000000
44 1631708847 1,600000 -1,000000 -101,000000 0,000000 0,000000
44 1631708848 1,600000 -1,000000 -101,000000 0,000000 0,000000
44 1631708849 2,600000 -1,000000 -101,000000 0,000000 0,000000
44 1631708850 2,600000 -1,000000 -101,000000 0,000000 0,000000
44 1631708851 2,600000 -1,000000 -101,000000 0,000000 0,000000
44 1631708852 2,600000 -1,000000 -101,000000 0,000000 0,000000
44 1631708853 2,600000 -1,000000 -101,000000 0,000000 0,000000
44 1631708854 0,600000 -1,000000 -101,000000 0,000000 0,000000
44 1631708855 0,600000 -1,000000 -101,000000 0,000000 0,000000
44 1631708856 0,600000 -1,000000 -101,000000 0,000000 0,000000
44 1631708857 0,600000 -1,000000 -101,000000 0,000000 0,000000
44 1631708858 0,600000 -1,000000 -101,000000 0,000000 0,000000
44 1631708859 0,200000 -1,000000 -101,000000 0,000000 0,000000
44 1631708860 0,200000 -1,000000 -101,000000 0,000000 0,000000
44 1631708861 0,200000 -1,000000 -101,000000 0,000000 0,000000
44 1631708862 0,200000 -1,000000 -101,000000 0,000000 0,000000
44 1631708863 0,200000 -1,000000 -101,000000 0,000000 0,000000
44 1631708864 0,400000 -1,000000 -101,000000 0,000000 0,000000
44 1631708865 0,400000 -1,000000 -101,000000 0,000000 0,000000
44 1631708866 0,400000 -1,000000 -101,000000 0,000000 0,000000
44 1631708867 0,400000 -1,000000 -101,000000 0,000000 0,000000
44 1631708868 0,400000 -1,000000 -101,000000 0,000000 0,000000
44 1631708869 0,600000 -1,000000 -101,000000 0,000000 0,000000
44 1631708870 0,600000 -1,000000 -101,000000 0,000000 0,000000
44 1631708871 0,600000 -1,000000 -101,000000 0,000000 0,000000
44 1631708872 0,600000 -1,000000 -101,000000 0,000000 0,000000
44 1631708873 0,600000 -1,000000 -101,000000 0,000000 0,000000
44 1631708879 0,200000 -1,000000 -101,000000 0,000000 0,000000
44 1631708880 0,200000 -1,000000 -101,000000 0,000000 0,000000
44 1631708881 0,200000 -1,000000 -101,000000 0,000000 0,000000
44 1631708882 0,200000 -1,000000 -101,000000 0,000000 0,000000
44 1631708883 0,200000 -1,000000 -101,000000 0,000000 0,000000
44 1631708884 0,200000 -1,000000 -101,000000 0,000000 0,000000
44 1631708885 0,200000 -1,000000 -101,000000 0,000000 0,000000
44 1631708886 0,200000 -1,000000 -101,000000 0,000000 0,000000
44 1631708887 0,200000 -1,000000 -101,000000 0,000000 0,000000
44 1631708888 0,200000 -1,000000 -101,000000 0,000000 0,000000
44 1631708889 0,400000 -1,000000 -101,000000 0,000000 0,000000
44 1631708890 0,400000 -1,000000 -101,000000 0,000000 0,000000
44 1631708891 0,400000 -1,000000 -101,000000 0,000000 0,000000
44 1631708892 0,400000 -1,000000 -101,000000 0,000000 0,000000
44 1631708893 0,400000 -1,000000 -101,000000 0,000000 0,000000
44 1631708894 0,600000 -1,000000 -101,000000 0,000000 0,000000
44 1631708895 0,600000 -1,000000 -101,000000 0,000000 0,000000
44 1631708896 0,600000 -1,000000 -101,000000 0,000000 0,000000
44 1631708897 0,600000 -1,000000 -101,000000 0,000000 0,000000
44 1631708898 0,600000 -1,000000 -101,000000 0,000000 0,000000
44 1631708899 0,400000 -1,000000 -101,000000 0,000000 0,000000
44 1631708900 0,400000 -1,000000 -101,000000 0,000000 0,000000
44 1631708901 0,400000 -1,000000 -101,000000 0,000000 0,000000
44 1631708902 0,400000 -1,000000 -101,000000 0,000000 0,000000
44 1631708903 0,400000 -1,000000 -101,000000 0,000000 0,000000
44 1631708904 2,000000 -1,000000 -101,000000 0,000000 0,000000
44 1631708905 2,000000 -1,000000 -101,000000 0,000000 0,000000
44 1631708906 2,000000 -1,000000 -101,000000 0,000000 0,000000
44 1631708907 2,000000 -1,000000 -101,000000 0,000000 0,000000
44 1631708908 2,000000 -1,000000 -101,000000 0,000000 0,000000
44 1631708909 2,000000 -1,000000 -101,000000 0,000000 0,000000
44 1631708910 2,000000 -1,000000 -101,000000 0,000000 0,000000
44 1631708911 2,000000 -1,000000 -101,000000 0,000000 0,000000
44 1631708912 2,000000 -1,000000 -101,000000 0,000000 0,000000
44 1631708913 2,000000 -1,000000 -101,000000 0,000000 0,000000
44 1631708914 2,600000 -1,000000 -101,000000 0,000000 0,000000
44 1631708915 2,600000 -1,000000 -101,000000 0,000000 0,000000
44 1631708916 2,600000 -1,000000 -101,000000 0,000000 0,000000
44 1631708917 2,600000 -1,000000 -101,000000 0,000000 0,000000
44 1631708918 2,600000 -1,000000 -101,000000 0,000000 0,000000
44 1631708919 2,800000 -1,000000 -101,000000 0,000000 0,000000
44 1631708920 2,800000 -1,000000 -101,000000 0,000000 0,000000
44 1631708921 2,800000 -1,000000 -101,000000 0,000000 0,000000
44 1631708922 2,800000 -1,000000 -101,000000 0,000000 0,000000
44 1631708923 2,800000 -1,000000 -101,000000 0,000000 0,000000
44 1631708924 1,400000 -1,000000 -101,000000 0,000000 0,000000
44 1631708925 1,400000 -1,000000 -101,000000 0,000000 0,000000
44 1631708926 1,400000 -1,000000 -101,000000 0,000000 0,000000
44 1631708927 1,400000 -1,000000 -101,000000 0,000000 0,000000
44 1631708928 1,400000 -1,000000 -101,000000 0,000000 0,000000
44 1631708929 1,000000 -1,000000 -101,000000 0,000000 0,000000
44 1631708930 1,000000 -1,000000 -101,000000 0,000000 0,000000
44 1631708931 1,000000 -1,000000 -101,000000 0,000000 0,000000
44 1631708932 1,000000 -1,000000 -101,000000 0,000000 0,000000
44 1631708933 1,000000 -1,000000 -101,000000 0,000000 0,000000
44 1631708934 0,600000 -1,000000 -101,000000 0,000000 0,000000
44 1631708935 0,600000 -1,000000 -101,000000 0,000000 0,000000
44 1631708936 0,600000 -1,000000 -101,000000 0,000000 0,000000
44 1631708937 0,600000 -1,000000 -101,000000 0,000000 0,000000
44 1631708938 0,600000 -1,000000 -101,000000 0,000000 0,000000
44 1631708964 0,400000 -1,000000 -101,000000 0,000000 0,000000
44 1631708965 0,400000 -1,000000 -101,000000 0,000000 0,000000
44 1631708966 0,400000 -1,000000 -101,000000 0,000000 0,000000
44 1631708967 0,400000 -1,000000 -101,000000 0,000000 0,000000
44 1631708968 0,400000 -1,000000 -101,000000 0,000000 0,000000
44 1631708969 0,400000 -1,000000 -101,000000 0,000000 0,000000
44 1631708970 0,400000 -1,000000 -101,000000 0,000000 0,000000
44 1631708971 0,400000 -1,000000 -101,000000 0,000000 0,000000
44 1631708972 0,400000 -1,000000 -101,000000 0,000000 0,000000
44 1631708973 0,400000 -1,000000 -101,000000 0,000000 0,000000
44 1631708974 2,800000 -1,000000 -101,000000 0,000000 0,000000
44 1631708975 2,800000 -1,000000 -101,000000 0,000000 0,000000
44 1631708976 2,800000 -1,000000 -101,000000 0,000000 0,000000
44 1631708977 2,800000 -1,000000 -101,000000 0,000000 0,000000
44 1631708978 2,800000 -1,000000 -101,000000 0,000000 0,000000
44 1631708979 2,200000 -1,000000 -101,000000 0,000000 0,000000
44 1631708980 2,200000 -1,000000 -101,000000 0,000000 0,000000
44 1631708981 2,200000 -1,000000 -101,000000 0,000000 0,000000
44 1631708982 2,200000 -1,000000 -101,000000 0,000000 0,000000
44 1631708983 2,200000 -1,000000 -101,000000 0,000000 0,000000
44 1631708984 3,800000 -1,000000 -101,000000 0,000000 0,000000
44 1631708985 3,800000 -1,000000 -101,000000 0,000000 0,000000
44 1631708986 3,800000 -1,000000 -101,000000 0,000000 0,000000
44 1631708987 3,800000 -1,000000 -101,000000 0,000000 0,000000
44 1631708988 3,800000 -1,000000 -101,000000 0,000000 0,000000
44 1631708989 3,000000 -1,000000 -101,000000 0,000000 0,000000
44 1631708990 3,000000 -1,000000 -101,000000 0,000000 0,000000
44 1631708991 3,000000 -1,000000 -101,000000 0,000000 0,000000
44 1631708992 3,000000 -1,000000 -101,000000 0,000000 0,000000
44 1631708993 3,000000 -1,000000 -101,000000 0,000000 0,000000
44 1631708994 1,600000 -1,000000 -101,000000 0,000000 0,000000
44 1631708995 1,600000 -1,000000 -101,000000 0,000000 0,000000
44 1631708996 1,600000 -1,000000 -101,000000 0,000000 0,000000
44 1631708997 1,600000 -1,000000 -101,000000 0,000000 0,000000
44 1631708998 1,600000 -1,000000 -101,000000 0,000000 0,000000
44 1631709004 0,200000 -1,000000 -101,000000 0,000000 0,000000
44 1631709005 0,200000 -1,000000 -101,000000 0,000000 0,000000
44 1631709006 0,200000 -1,000000 -101,000000 0,000000 0,000000
44 1631709007 0,200000 -1,000000 -101,000000 0,000000 0,000000
44 1631709008 0,200000 -1,000000 -101,000000 0,000000 0,000000
44 1631709009 0,400000 -1,000000 -101,000000 0,000000 0,000000
44 1631709010 0,400000 -1,000000 -101,000000 0,000000 0,000000
44 1631709011 0,400000 -1,000000 -101,000000 0,000000 0,000000
44 1631709012 0,400000 -1,000000 -101,000000 0,000000 0,000000
44 1631709013 0,400000 -1,000000 -101,000000 0,000000 0,000000
44 1631709014 0,200000 -1,000000 -101,000000 0,000000 0,000000
44 1631709015 0,200000 -1,000000 -101,000000 0,000000 0,000000
44 1631709016 0,200000 -1,000000 -101,000000 0,000000 0,000000
44 1631709017 0,200000 -1,000000 -101,000000 0,000000 0,000000
44 1631709018 0,200000 -1,000000 -101,000000 0,000000 0,000000
44 1631709019 0,600000 -1,000000 -101,000000 0,000000 0,000000
44 1631709020 0,600000 -1,000000 -101,000000 0,000000 0,000000
44 1631709021 0,600000 -1,000000 -101,000000 0,000000 0,000000
44 1631709022 0,600000 -1,000000 -101,000000 0,000000 0,000000
44 1631709023 0,600000 -1,000000 -101,000000 0,000000 0,000000
44 1631709024 0,200000 -1,000000 -101,000000 0,000000 0,000000
44 1631709025 0,200000 -1,000000 -101,000000 0,000000 0,000000
44 1631709026 0,200000 -1,000000 -101,000000 0,000000 0,000000
44 1631709027 0,200000 -1,000000 -101,000000 0,000000 0,000000
44 1631709028 0,200000 -1,000000 -101,000000 0,000000 0,000000
44 1631709029 0,400000 -1,000000 -101,000000 0,000000 0,000000
44 1631709030 0,400000 -1,000000 -101,000000 0,000000 0,000000
44 1631709031 0,400000 -1,000000 -101,000000 0,000000 0,000000
44 1631709032 0,400000 -1,000000 -101,000000 0,000000 0,000000
44 1631709033 0,400000 -1,000000 -101,000000 0,000000 0,000000
44 1631709034 0,800000 -1,000000 -101,000000 0,000000 0,000000
44 1631709035 0,800000 -1,000000 -101,000000 0,000000 0,000000
44 1631709036 0,800000 -1,000000 -101,000000 0,000000 0,000000
44 1631709037 0,800000 -1,000000 -101,000000 0,000000 0,000000
44 1631709038 0,800000 -1,000000 -101,000000 0,000000 0,000000
44 1631709039 0,800000 -1,000000 -101,000000 0,000000 0,000000
44 1631709040 0,800000 -1,000000 -101,000000 0,000000 0,000000
44 1631709041 0,800000 -1,000000 -101,000000 0,000000 0,000000
44 1631709042 0,800000 -1,000000 -101,000000 0,000000 0,000000
44 1631709043 0,800000 -1,000000 -101,000000 0,000000 0,000000
44 1631709044 2,000000 -1,000000 -101,000000 0,000000 0,000000
44 1631709045 2,000000 -1,000000 -101,000000 0,000000 0,000000
44 1631709046 2,000000 -1,000000 -101,000000 0,000000 0,000000
44 1631709047 2,000000 -1,000000 -101,000000 0,000000 0,000000
44 1631709048 2,000000 -1,000000 -101,000000 0,000000 0,000000
44 1631709049 1,600000 -1,000000 -101,000000 0,000000 0,000000
44 1631709050 1,600000 -1,000000 -101,000000 0,000000 0,000000
44 1631709051 1,600000 -1,000000 -101,000000 0,000000 0,000000
44 1631709052 1,600000 -1,000000 -101,000000 0,000000 0,000000
44 1631709053 1,600000 -1,000000 -101,000000 0,000000 0,000000
44 1631709054 1,400000 -1,000000 -101,000000 0,000000 0,000000
44 1631709055 1,400000 -1,000000 -101,000000 0,000000 0,000000
44 1631709056 1,400000 -1,000000 -101,000000 0,000000 0,000000
44 1631709057 1,400000 -1,000000 -101,000000 0,000000 0,000000
44 1631709058 1,400000 -1,000000 -101,000000 0,000000 0,000000
44 1631709059 2,400000 -1,000000 -101,000000 0,000000 0,000000
44 1631709060 2,400000 -1,000000 -101,000000 0,000000 0,000000
44 1631709061 2,400000 -1,000000 -101,000000 0,000000 0,000000
44 1631709062 2,400000 -1,000000 -101,000000 0,000000 0,000000
44 1631709063 2,400000 -1,000000 -101,000000 0,000000 0,000000
44 1631709069 0,800000 -1,000000 -101,000000 0,000000 0,000000
44 1631709070 0,800000 -1,000000 -101,000000 0,000000 0,000000
44 1631709071 0,800000 -1,000000 -101,000000 0,000000 0,000000
44 1631709072 0,800000 -1,000000 -101,000000 0,000000 0,000000
44 1631709073 0,800000 -1,000000 -101,000000 0,000000 0,000000
44 1631709074 0,800000 -1,000000 -101,000000 0,000000 0,000000
44 1631709075 0,800000 -1,000000 -101,000000 0,000000 0,000000
44 1631709076 0,800000 -1,000000 -101,000000 0,000000 0,000000
44 1631709077 0,800000 -1,000000 -101,000000 0,000000 0,000000
44 1631709078 0,800000 -1,000000 -101,000000 0,000000 0,000000
44 1631709079 1,800000 -1,000000 -101,000000 0,000000 0,000000
44 1631709080 1,800000 -1,000000 -101,000000 0,000000 0,000000
44 1631709081 1,800000 -1,000000 -101,000000 0,000000 0,000000
44 1631709082 1,800000 -1,000000 -101,000000 0,000000 0,000000
44 1631709083 1,800000 -1,000000 -101,000000 0,000000 0,000000
44 1631709084 1,200000 -1,000000 -101,000000 0,000000 0,000000
44 1631709085 1,200000 -1,000000 -101,000000 0,000000 0,000000
44 1631709086 1,200000 -1,000000 -101,000000 0,000000 0,000000
44 1631709087 1,200000 -1,000000 -101,000000 0,000000 0,000000
44 1631709088 1,200000 -1,000000 -101,000000 0,000000 0,000000
44 1631709089 0,200000 -1,000000 -101,000000 0,000000 0,000000
44 1631709090 0,200000 -1,000000 -101,000000 0,000000 0,000000
44 1631709091 0,200000 -1,000000 -101,000000 0,000000 0,000000
44 1631709092 0,200000 -1,000000 -101,000000 0,000000 0,000000
44 1631709093 0,200000 -1,000000 -101,000000 0,000000 0,000000
44 1631709094 0,400000 -1,000000 -101,000000 0,000000 0,000000
44 1631709095 0,400000 -1,000000 -101,000000 0,000000 0,000000
44 1631709096 0,400000 -1,000000 -101,000000 0,000000 0,000000
44 1631709097 0,400000 -1,000000 -101,000000 0,000000 0,000000
44 1631709098 0,400000 -1,000000 -101,000000 0,000000 0,000000
44 1631709099 0,600000 -1,000000 -101,000000 0,000000 0,000000
44 1631709100 0,600000 -1,000000 -101,000000 0,000000 0,000000
44 1631709101 0,600000 -1,000000 -101,000000 0,000000 0,000000
44 1631709102 0,600000 -1,000000 -101,000000 0,000000 0,000000
44 1631709103 0,600000 -1,000000 -101,000000 0,000000 0,000000
44 1631709109 0,600000 -1,000000 -101,000000 0,000000 0,000000
44 1631709110 0,600000 -1,000000 -101,000000 0,000000 0,000000
44 1631709111 0,600000 -1,000000 -101,000000 0,000000 0,000000
44 1631709112 0,600000 -1,000000 -101,000000 0,000000 0,000000
44 1631709113 0,600000 -1,000000 -101,000000 0,000000 0,000000
44 1631709114 1,200000 -1,000000 -101,000000 0,000000 0,000000
44 1631709115 1,200000 -1,000000 -101,000000 0,000000 0,000000
44 1631709116 1,200000 -1,000000 -101,000000 0,000000 0,000000
44 1631709117 1,200000 -1,000000 -101,000000 0,000000 0,000000
44 1631709118 1,200000 -1,000000 -101,000000 0,000000 0,000000
44 1631709119 1,200000 -1,000000 -101,000000 0,000000 0,000000
44 1631709120 1,200000 -1,000000 -101,000000 0,000000 0,000000
44 1631709121 1,200000 -1,000000 -101,000000 0,000000 0,000000
44 1631709122 1,200000 -1,000000 -101,000000 0,000000 0,000000
44 1631709123 1,200000 -1,000000 -101,000000 0,000000 0,000000
44 1631709124 3,000000 -1,000000 -101,000000 0,000000 0,000000
44 1631709125 3,000000 -1,000000 -101,000000 0,000000 0,000000
44 1631709126 3,000000 -1,000000 -101,000000 0,000000 0,000000
44 1631709127 3,000000 -1,000000 -101,000000 0,000000 0,000000
44 1631709128 3,000000 -1,000000 -101,000000 0,000000 0,000000
44 1631709129 0,400000 -1,000000 -101,000000 0,000000 0,000000
44 1631709130 0,400000 -1,000000 -101,000000 0,000000 0,000000
44 1631709131 0,400000 -1,000000 -101,000000 0,000000 0,000000
44 1631709132 0,400000 -1,000000 -101,000000 0,000000 0,000000
44 1631709133 0,400000 -1,000000 -101,000000 0,000000 0,000000
44 1631709134 0,600000 -1,000000 -101,000000 0,000000 0,000000
44 1631709135 0,600000 -1,000000 -101,000000 0,000000 0,000000
44 1631709136 0,600000 -1,000000 -101,000000 0,000000 0,000000
44 1631709137 0,600000 -1,000000 -101,000000 0,000000 0,000000
44 1631709138 0,600000 -1,000000 -101,000000 0,000000 0,000000
44 1631709139 1,000000 -1,000000 -101,000000 0,000000 0,000000
44 1631709140 1,000000 -1,000000 -101,000000 0,000000 0,000000
44 1631709141 1,000000 -1,000000 -101,000000 0,000000 0,000000
44 1631709142 1,000000 -1,000000 -101,000000 0,000000 0,000000
44 1631709143 1,000000 -1,000000 -101,000000 0,000000 0,000000
44 1631709144 1,600000 -1,000000 -101,000000 0,000000 0,000000
44 1631709145 1,600000 -1,000000 -101,000000 0,000000 0,000000
44 1631709146 1,600000 -1,000000 -101,000000 0,000000 0,000000
44 1631709147 1,600000 -1,000000 -101,000000 0,000000 0,000000
44 1631709148 1,600000 -1,000000 -101,000000 0,000000 0,000000
44 1631709149 1,200000 -1,000000 -101,000000 0,000000 0,000000
44 1631709150 1,200000 -1,000000 -101,000000 0,000000 0,000000
44 1631709151 1,200000 -1,000000 -101,000000 0,000000 0,000000
44 1631709152 1,200000 -1,000000 -101,000000 0,000000 0,000000
44 1631709153 1,200000 -1,000000 -101,000000 0,000000 0,000000
44 1631709154 2,000000 -1,000000 -101,000000 0,000000 0,000000
44 1631709155 2,000000 -1,000000 -101,000000 0,000000 0,000000
44 1631709156 2,000000 -1,000000 -101,000000 0,000000 0,000000
44 1631709157 2,000000 -1,000000 -101,000000 0,000000 0,000000
44 1631709158 2,000000 -1,000000 -101,000000 0,000000 0,000000
44 1631709159 1,200000 -1,000000 -101,000000 0,000000 0,000000
44 1631709160 1,200000 -1,000000 -101,000000 0,000000 0,000000
44 1631709161 1,200000 -1,000000 -101,000000 0,000000 0,000000
44 1631709162 1,200000 -1,000000 -101,000000 0,000000 0,000000
44 1631709163 1,200000 -1,000000 -101,000000 0,000000 0,000000
44 1631709164 1,200000 -1,000000 -101,000000 0,000000 0,000000
44 1631709165 1,200000 -1,000000 -101,000000 0,000000 0,000000
44 1631709166 1,200000 -1,000000 -101,000000 0,000000 0,000000
44 1631709167 1,200000 -1,000000 -101,000000 0,000000 0,000000
44 1631709168 1,200000 -1,000000 -101,000000 0,000000 0,000000
44 1631709169 0,400000 -1,000000 -101,000000 0,000000 0,000000
44 1631709170 0,400000 -1,000000 -101,000000 0,000000 0,000000
44 1631709171 0,400000 -1,000000 -101,000000 0,000000 0,000000
44 1631709172 0,400000 -1,000000 -101,000000 0,000000 0,000000
44 1631709173 0,400000 -1,000000 -101,000000 0,000000 0,000000
44 1631709174 0,200000 -1,000000 -101,000000 0,000000 0,000000
44 1631709175 0,200000 -1,000000 -101,000000 0,000000 0,000000
44 1631709176 0,200000 -1,000000 -101,000000 0,000000 0,000000
44 1631709177 0,200000 -1,000000 -101,000000 0,000000 0,000000
44 1631709178 0,200000 -1,000000 -101,000000 0,000000 0,000000
44 1631709179 1,400000 -1,000000 -101,000000 0,000000 0,000000
44 1631709180 1,400000 -1,000000 -101,000000 0,000000 0,000000
44 1631709181 1,400000 -1,000000 -101,000000 0,000000 0,000000
44 1631709182 1,400000 -1,000000 -101,000000 0,000000 0,000000
44 1631709183 1,400000 -1,000000 -101,000000 0,000000 0,000000
44 1631709184 1,800000 -1,000000 -101,000000 0,000000 0,000000
44 1631709185 1,800000 -1,000000 -101,000000 0,000000 0,000000
44 1631709186 1,800000 -1,000000 -101,000000 0,000000 0,000000
44 1631709187 1,800000 -1,000000 -101,000000 0,000000 0,000000
44 1631709188 1,800000 -1,000000 -101,000000 0,000000 0,000000
44 1631709189 1,400000 -1,000000 -101,000000 0,000000 0,000000
44 1631709190 1,400000 -1,000000 -101,000000 0,000000 0,000000
44 1631709191 1,400000 -1,000000 -101,000000 0,000000 0,000000
44 1631709192 1,400000 -1,000000 -101,000000 0,000000 0,000000
44 1631709193 1,400000 -1,000000 -101,000000 0,000000 0,000000
44 1631709194 2,800000 -1,000000 -101,000000 0,000000 0,000000
44 1631709195 2,800000 -1,000000 -101,000000 0,000000 0,000000
44 1631709196 2,800000 -1,000000 -101,000000 0,000000 0,000000
44 1631709197 2,800000 -1,000000 -101,000000 0,000000 0,000000
44 1631709198 2,800000 -1,000000 -101,000000 0,000000 0,000000
44 1631709199 0,600000 -1,000000 -101,000000 0,000000 0,000000
44 1631709200 0,600000 -1,000000 -101,000000 0,000000 0,000000
44 1631709201 0,600000 -1,000000 -101,000000 0,000000 0,000000
44 1631709202 0,600000 -1,000000 -101,000000 0,000000 0,000000
44 1631709203 0,600000 -1,000000 -101,000000 0,000000 0,000000
44 1631709209 0,200000 -1,000000 -101,000000 0,000000 0,000000
44 1631709210 0,200000 -1,000000 -101,000000 0,000000 0,000000
44 1631709211 0,200000 -1,000000 -101,000000 0,000000 0,000000
44 1631709212 0,200000 -1,000000 -101,000000 0,000000 0,000000
44 1631709213 0,200000 -1,000000 -101,000000 0,000000 0,000000
44 1631709214 0,400000 -1,000000 -101,000000 0,000000 0,000000
44 1631709215 0,400000 -1,000000 -101,000000 0,000000 0,000000
44 1631709216 0,400000 -1,000000 -101,000000 0,000000 0,000000
44 1631709217 0,400000 -1,000000 -101,000000 0,000000 0,000000
44 1631709218 0,400000 -1,000000 -101,000000 0,000000 0,000000
44 1631709219 0,200000 -1,000000 -101,000000 0,000000 0,000000
44 1631709220 0,200000 -1,000000 -101,000000 0,000000 0,000000
44 1631709221 0,200000 -1,000000 -101,000000 0,000000 0,000000
44 1631709222 0,200000 -1,000000 -101,000000 0,000000 0,000000
44 1631709223 0,200000 -1,000000 -101,000000 0,000000 0,000000
44 1631709224 0,600000 -1,000000 -101,000000 0,000000 0,000000
44 1631709225 0,600000 -1,000000 -101,000000 0,000000 0,000000
44 1631709226 0,600000 -1,000000 -101,000000 0,000000 0,000000
44 1631709227 0,600000 -1,000000 -101,000000 0,000000 0,000000
44 1631709228 0,600000 -1,000000 -101,000000 0,000000 0,000000
44 1631709239 1,200000 -1,000000 -101,000000 0,000000 0,000000
44 1631709240 1,200000 -1,000000 -101,000000 0,000000 0,000000
44 1631709241 1,200000 -1,000000 -101,000000 0,000000 0,000000
44 1631709242 1,200000 -1,000000 -101,000000 0,000000 0,000000
44 1631709243 1,200000 -1,000000 -101,000000 0,000000 0,000000
44 1631709244 1,000000 -1,000000 -101,000000 0,000000 0,000000
44 1631709245 1,000000 -1,000000 -101,000000 0,000000 0,000000
44 1631709246 1,000000 -1,000000 -101,000000 0,000000 0,000000
44 1631709247 1,000000 -1,000000 -101,000000 0,000000 0,000000
44 1631709248 1,000000 -1,000000 -101,000000 0,000000 0,000000
44 1631709249 3,000000 -1,000000 -101,000000 0,000000 0,000000
44 1631709250 3,000000 -1,000000 -101,000000 0,000000 0,000000
44 1631709251 3,000000 -1,000000 -101,000000 0,000000 0,000000
44 1631709252 3,000000 -1,000000 -101,000000 0,000000 0,000000
44 1631709253 3,000000 -1,000000 -101,000000 0,000000 0,000000
44 1631709254 2,400000 -1,000000 -101,000000 0,000000 0,000000
44 1631709255 2,400000 -1,000000 -101,000000 0,000000 0,000000
44 1631709256 2,400000 -1,000000 -101,000000 0,000000 0,000000
44 1631709257 2,400000 -1,000000 -101,000000 0,000000 0,000000
44 1631709258 2,400000 -1,000000 -101,000000 0,000000 0,000000
44 1631709259 1,600000 -1,000000 -101,000000 0,000000 0,000000
44 1631709260 1,600000 -1,000000 -101,000000 0,000000 0,000000
44 1631709261 1,600000 -1,000000 -101,000000 0,000000 0,000000
44 1631709262 1,600000 -1,000000 -101,000000 0,000000 0,000000
44 1631709263 1,600000 -1,000000 -101,000000 0,000000 0,000000
44 1631709264 3,600000 -1,000000 -101,000000 0,000000 0,000000
44 1631709265 3,600000 -1,000000 -101,000000 0,000000 0,000000
44 1631709266 3,600000 -1,000000 -101,000000 0,000000 0,000000
44 1631709267 3,600000 -1,000000 -101,000000 0,000000 0,000000
44 1631709268 3,600000 -1,000000 -101,000000 0,000000 0,000000
44 1631709338 3,400000 -1,000000 3,400000 3,400000 0,000000
44 1631709337 3,400000 -1,000000 3,400000 3,400000 0,000000
44 1631709336 3,400000 -1,000000 3,400000 3,400000 0,000000
44 1631709335 3,400000 -1,000000 3,400000 3,400000 0,000000
44 1631709334 3,400000 -1,000000 3,400000 3,400000 0,000000
44 1631709333 2,600000 -1,000000 2,600000 2,600000 0,000000
44 1631709332 2,600000 -1,000000 2,600000 2,600000 0,000000
44 1631709331 2,600000 -1,000000 2,600000 2,600000 0,000000
44 1631709330 2,600000 -1,000000 2,600000 2,600000 0,000000
44 1631709329 2,600000 -1,000000 2,600000 2,600000 0,000000
44 1631709328 2,000000 -1,000000 2,000000 2,000000 0,000000
44 1631709327 2,000000 -1,000000 2,000000 2,000000 0,000000
44 1631709326 2,000000 -1,000000 2,000000 2,000000 0,000000
44 1631709325 2,000000 -1,000000 2,000000 2,000000 0,000000
44 1631709324 2,000000 -1,000000 2,000000 2,000000 0,000000
44 1631709323 2,800000 -1,000000 2,800000 2,800000 0,000000
44 1631709322 2,800000 -1,000000 2,800000 2,800000 0,000000
44 1631709321 2,800000 -1,000000 2,800000 2,800000 0,000000
44 1631709320 2,800000 -1,000000 2,800000 2,800000 0,000000
44 1631709319 2,800000 -1,000000 2,800000 2,800000 0,000000
44 1631709318 0,400000 -1,000000 0,400000 0,400000 0,000000
44 1631709317 0,400000 -1,000000 0,400000 0,400000 0,000000
44 1631709316 0,400000 -1,000000 0,400000 0,400000 0,000000
44 1631709315 0,400000 -1,000000 0,400000 0,400000 0,000000
44 1631709314 0,400000 -1,000000 0,400000 0,400000 0,000000
44 1631709313 1,400000 -1,000000 1,400000 1,400000 0,000000
44 1631709312 1,400000 -1,000000 1,400000 1,400000 0,000000
44 1631709311 1,400000 -1,000000 1,400000 1,400000 0,000000
44 1631709310 1,400000 -1,000000 1,400000 1,400000 0,000000
44 1631709309 1,400000 -1,000000 1,400000 1,400000 0,000000
44 1631709308 1,000000 -1,000000 1,000000 1,000000 0,000000
44 1631709307 1,000000 -1,000000 1,000000 1,000000 0,000000
44 1631709306 1,000000 -1,000000 1,000000 1,000000 0,000000
44 1631709305 1,000000 -1,000000 1,000000 1,000000 0,000000
44 1631709304 1,000000 -1,000000 1,000000 1,000000 0,000000
44 1631709303 0,600000 -1,000000 0,600000 0,600000 0,000000
44 1631709302 0,600000 -1,000000 0,600000 0,600000 0,000000
44 1631709301 0,600000 -1,000000 0,600000 0,600000 0,000000
44 1631709300 0,600000 -1,000000 0,600000 0,600000 0,000000
44 1631709299 0,600000 -1,000000 0,600000 0,600000 0,000000
44 1631709298 0,200000 -1,000000 0,200000 0,200000 0,000000
44 1631709297 0,200000 -1,000000 0,200000 0,200000 0,000000
44 1631709296 0,200000 -1,000000 0,200000 0,200000 0,000000
44 1631709295 0,200000 -1,000000 0,200000 0,200000 0,000000
44 1631709294 0,200000 -1,000000 0,200000 0,200000 0,000000
44 1631709293 0,200000 -1,000000 0,200000 0,200000 0,000000
44 1631709292 0,200000 -1,000000 0,200000 0,200000 0,000000
44 1631709291 0,200000 -1,000000 0,200000 0,200000 0,000000
44 1631709290 0,200000 -1,000000 0,200000 0,200000 0,000000
44 1631709289 0,200000 -1,000000 0,200000 0,200000 0,000000
44 1631709289 0,200000 -1,000000 -101,000000 0,000000 0,000000
44 1631709290 0,200000 -1,000000 -101,000000 0,000000 0,000000
44 1631709291 0,200000 -1,000000 -101,000000 0,000000 0,000000
44 1631709292 0,200000 -1,000000 -101,000000 0,000000 0,000000
44 1631709293 0,200000 -1,000000 -101,000000 0,000000 0,000000
44 1631709294 0,200000 -1,000000 -101,000000 0,000000 0,000000
44 1631709295 0,200000 -1,000000 -101,000000 0,000000 0,000000
44 1631709296 0,200000 -1,000000 -101,000000 0,000000 0,000000
44 1631709297 0,200000 -1,000000 -101,000000 0,000000 0,000000
44 1631709298 0,200000 -1,000000 -101,000000 0,000000 0,000000
44 1631709299 0,600000 -1,000000 -101,000000 0,000000 0,000000
44 1631709300 0,600000 -1,000000 -101,000000 0,000000 0,000000
44 1631709301 0,600000 -1,000000 -101,000000 0,000000 0,000000
44 1631709302 0,600000 -1,000000 -101,000000 0,000000 0,000000
44 1631709303 0,600000 -1,000000 -101,000000 0,000000 0,000000
44 1631709304 1,000000 -1,000000 -101,000000 0,000000 0,000000
44 1631709305 1,000000 -1,000000 -101,000000 0,000000 0,000000
44 1631709306 1,000000 -1,000000 -101,000000 0,000000 0,000000
44 1631709307 1,000000 -1,000000 -101,000000 0,000000 0,000000
44 1631709308 1,000000 -1,000000 -101,000000 0,000000 0,000000
44 1631709309 1,400000 -1,000000 -101,000000 0,000000 0,000000
44 1631709310 1,400000 -1,000000 -101,000000 0,000000 0,000000
44 1631709311 1,400000 -1,000000 -101,000000 0,000000 0,000000
44 1631709312 1,400000 -1,000000 -101,000000 0,000000 0,000000
44 1631709313 1,400000 -1,000000 -101,000000 0,000000 0,000000
44 1631709314 0,400000 -1,000000 -101,000000 0,000000 0,000000
44 1631709315 0,400000 -1,000000 -101,000000 0,000000 0,000000
44 1631709316 0,400000 -1,000000 -101,000000 0,000000 0,000000
44 1631709317 0,400000 -1,000000 -101,000000 0,000000 0,000000
44 1631709318 0,400000 -1,000000 -101,000000 0,000000 0,000000
44 1631709319 2,800000 -1,000000 -101,000000 0,000000 0,000000
44 1631709320 2,800000 -1,000000 -101,000000 0,000000 0,000000
44 1631709321 2,800000 -1,000000 -101,000000 0,000000 0,000000
44 1631709322 2,800000 -1,000000 -101,000000 0,000000 0,000000
44 1631709323 2,800000 -1,000000 -101,000000 0,000000 0,000000
44 1631709324 2,000000 -1,000000 -101,000000 0,000000 0,000000
44 1631709325 2,000000 -1,000000 -101,000000 0,000000 0,000000
44 1631709326 2,000000 -1,000000 -101,000000 0,000000 0,000000
44 1631709327 2,000000 -1,000000 -101,000000 0,000000 0,000000
44 1631709328 2,000000 -1,000000 -101,000000 0,000000 0,000000
44 1631709329 2,600000 -1,000000 -101,000000 0,000000 0,000000
44 1631709330 2,600000 -1,000000 -101,000000 0,000000 0,000000
44 1631709331 2,600000 -1,000000 -101,000000 0,000000 0,000000
44 1631709332 2,600000 -1,000000 -101,000000 0,000000 0,000000
44 1631709333 2,600000 -1,000000 -101,000000 0,000000 0,000000
44 1631709334 3,400000 -1,000000 -101,000000 0,000000 0,000000
44 1631709335 3,400000 -1,000000 -101,000000 0,000000 0,000000
44 1631709336 3,400000 -1,000000 -101,000000 0,000000 0,000000
44 1631709337 3,400000 -1,000000 -101,000000 0,000000 0,000000
44 1631709338 3,400000 -1,000000 -101,000000 0,000000 0,000000
44 1631709339 0,200000 -1,000000 -101,000000 0,000000 0,000000
44 1631709340 0,200000 -1,000000 -101,000000 0,000000 0,000000
44 1631709341 0,200000 -1,000000 -101,000000 0,000000 0,000000
44 1631709342 0,200000 -1,000000 -101,000000 0,000000 0,000000
44 1631709343 0,200000 -1,000000 -101,000000 0,000000 0,000000
44 1631709344 1,000000 -1,000000 -101,000000 0,000000 0,000000
44 1631709345 1,000000 -1,000000 -101,000000 0,000000 0,000000
44 1631709346 1,000000 -1,000000 -101,000000 0,000000 0,000000
44 1631709347 1,000000 -1,000000 -101,000000 0,000000 0,000000
44 1631709348 1,000000 -1,000000 -101,000000 0,000000 0,000000
44 1631709354 0,200000 -1,000000 -101,000000 0,000000 0,000000
44 1631709355 0,200000 -1,000000 -101,000000 0,000000 0,000000
44 1631709356 0,200000 -1,000000 -101,000000 0,000000 0,000000
44 1631709357 0,200000 -1,000000 -101,000000 0,000000 0,000000
44 1631709358 0,200000 -1,000000 -101,000000 0,000000 0,000000
44 1631709359 0,400000 -1,000000 -101,000000 0,000000 0,000000
44 1631709360 0,400000 -1,000000 -101,000000 0,000000 0,000000
44 1631709361 0,400000 -1,000000 -101,000000 0,000000 0,000000
44 1631709362 0,400000 -1,000000 -101,000000 0,000000 0,000000
44 1631709363 0,400000 -1,000000 -101,000000 0,000000 0,000000
44 1631709364 0,800000 -1,000000 -101,000000 0,000000 0,000000
44 1631709365 0,800000 -1,000000 -101,000000 0,000000 0,000000
44 1631709366 0,800000 -1,000000 -101,000000 0,000000 0,000000
44 1631709367 0,800000 -1,000000 -101,000000 0,000000 0,000000
44 1631709368 0,800000 -1,000000 -101,000000 0,000000 0,000000
44 1631709369 0,400000 -1,000000 -101,000000 0,000000 0,000000
44 1631709370 0,400000 -1,000000 -101,000000 0,000000 0,000000
44 1631709371 0,400000 -1,000000 -101,000000 0,000000 0,000000
44 1631709372 0,400000 -1,000000 -101,000000 0,000000 0,000000
44 1631709373 0,400000 -1,000000 -101,000000 0,000000 0,000000
44 1631709374 0,800000 -1,000000 -101,000000 0,000000 0,000000
44 1631709375 0,800000 -1,000000 -101,000000 0,000000 0,000000
44 1631709376 0,800000 -1,000000 -101,000000 0,000000 0,000000
44 1631709377 0,800000 -1,000000 -101,000000 0,000000 0,000000
44 1631709378 0,800000 -1,000000 -101,000000 0,000000 0,000000
44 1631709389 1,800000 -1,000000 -101,000000 0,000000 0,000000
44 1631709390 1,800000 -1,000000 -101,000000 0,000000 0,000000
44 1631709391 1,800000 -1,000000 -101,000000 0,000000 0,000000
44 1631709392 1,800000 -1,000000 -101,000000 0,000000 0,000000
44 1631709393 1,800000 -1,000000 -101,000000 0,000000 0,000000
44 1631709394 1,200000 -1,000000 -101,000000 0,000000 0,000000
44 1631709395 1,200000 -1,000000 -101,000000 0,000000 0,000000
44 1631709396 1,200000 -1,000000 -101,000000 0,000000 0,000000
44 1631709397 1,200000 -1,000000 -101,000000 0,000000 0,000000
44 1631709398 1,200000 -1,000000 -101,000000 0,000000 0,000000
44 1631709399 1,200000 -1,000000 -101,000000 0,000000 0,000000
44 1631709400 1,200000 -1,000000 -101,000000 0,000000 0,000000
44 1631709401 1,200000 -1,000000 -101,000000 0,000000 0,000000
44 1631709402 1,200000 -1,000000 -101,000000 0,000000 0,000000
44 1631709403 1,200000 -1,000000 -101,000000 0,000000 0,000000
44 1631709404 2,800000 -1,000000 -101,000000 0,000000 0,000000
44 1631709405 2,800000 -1,000000 -101,000000 0,000000 0,000000
44 1631709406 2,800000 -1,000000 -101,000000 0,000000 0,000000
44 1631709407 2,800000 -1,000000 -101,000000 0,000000 0,000000
44 1631709408 2,800000 -1,000000 -101,000000 0,000000 0,000000
44 1631709409 1,200000 -1,000000 -101,000000 0,000000 0,000000
44 1631709410 1,200000 -1,000000 -101,000000 0,000000 0,000000
44 1631709411 1,200000 -1,000000 -101,000000 0,000000 0,000000
44 1631709412 1,200000 -1,000000 -101,000000 0,000000 0,000000
44 1631709413 1,200000 -1,000000 -101,000000 0,000000 0,000000
44 1631709414 2,000000 -1,000000 -101,000000 0,000000 0,000000
44 1631709415 2,000000 -1,000000 -101,000000 0,000000 0,000000
44 1631709416 2,000000 -1,000000 -101,000000 0,000000 0,000000
44 1631709417 2,000000 -1,000000 -101,000000 0,000000 0,000000
44 1631709418 2,000000 -1,000000 -101,000000 0,000000 0,000000
44 1631709486 2,666667 -1,000000 2,666667 2,666667 0,000000
44 1631709485 2,666667 -1,000000 2,666667 2,666667 0,000000
44 1631709484 2,666667 -1,000000 2,666667 2,666667 0,000000
44 1631709483 0,800000 -1,000000 0,800000 0,800000 0,000000
44 1631709482 0,800000 -1,000000 0,800000 0,800000 0,000000
44 1631709481 0,800000 -1,000000 0,800000 0,800000 0,000000
44 1631709480 0,800000 -1,000000 0,800000 0,800000 0,000000
44 1631709479 0,800000 -1,000000 0,800000 0,800000 0,000000
44 1631709478 0,400000 -1,000000 0,400000 0,400000 0,000000
44 1631709477 0,400000 -1,000000 0,400000 0,400000 0,000000
44 1631709476 0,400000 -1,000000 0,400000 0,400000 0,000000
44 1631709475 0,400000 -1,000000 0,400000 0,400000 0,000000
44 1631709474 0,400000 -1,000000 0,400000 0,400000 0,000000
